,lat,lon,time,prec,year,month,day,geometry,area_km2,wsarea_km2,areaweight,id,weightedprec
183,39.09375,-79.34375,1982-07-03,18.75,1982,7,3,"POLYGON ((-79.3357836700723 39.125, -79.3125 39.125, -79.3125 39.07096765497377, -79.31283733907797 39.0705382096176, -79.31337236470326 39.07024038718695, -79.31388170606353 39.07015129017667, -79.31469393592192 39.070357818767, -79.315570068893 39.07057772761175, -79.31697522699925 39.07085031720099, -79.31787670712737 39.07125077141023, -79.31898624183106 39.07159115522567, -79.32056284293618 39.07206889864051, -79.32153955877523 39.07217603085664, -79.32202849013298 39.07222966050724, -79.32302749066699 39.07226657419848, -79.3242892202442 39.07237482136589, -79.32542768311619 39.07271554793918, -79.32708374939477 39.07356378836865, -79.32850067840796 39.07456624473851, -79.32932529166358 39.0757494248468, -79.32979915500621 39.07685548908928, -79.33110472458119 39.07884747074684, -79.33145443253039 39.08022656221307, -79.33192943776366 39.08128757659755, -79.33296172341514 39.08240161762524, -79.33386682080966 39.08268937221135, -79.33519912141767 39.08229392819476, -79.33610898321461 39.08237901146724, -79.33727941860643 39.08259844472185, -79.33862398799069 39.08294199141508, -79.34014405099316 39.08335109337691, -79.34187244075902 39.08362799181344, -79.34348743642656 39.08371852914676, -79.34442411038351 39.08389401951052, -79.34610754623857 39.0848595056254, -79.3476844403898 39.08531436902166, -79.34932792964787 39.0854547916886, -79.35050181138521 39.08556151902376, -79.35152666355317 39.08573820638921, -79.35278554167931 39.08598125118596, -79.35387016586427 39.08613624494288, -79.35489342362877 39.08647506625474, -79.35488611617603 39.08651316614362, -79.35476762398004 39.08713104246646, -79.35430688608925 39.0876471571378, -79.35373063289971 39.08831479416406, -79.35320660402597 39.08915887974668, -79.35260107665997 39.08987115514969, -79.35197565060102 39.09025877305533, -79.35149079880807 39.09059881940301, -79.35081309634029 39.09080999812215, -79.35004708258968 39.09121362724626, -79.34944760627835 39.09166467001062, -79.34914693265614 39.09253442560222, -79.34879399721278 39.0932277357596, -79.34869179492634 39.09401469496767, -79.34895224475153 39.09486986699292, -79.3489600422007 39.09574398549449, -79.34915753247816 39.0968820910519, -79.34938477097795 39.0979530457907, -79.34948486127642 39.09856022763736, -79.34950759822915 39.0986981502164, -79.34944009479443 39.0987589353761, -79.34890667984494 39.09923927084445, -79.34808325749424 39.0996826320461, -79.34731482986432 39.10015378908059, -79.34676498466584 39.10088935091648, -79.34664395518362 39.10144329821559, -79.34660797947036 39.10160795293064, -79.34669239757908 39.10278951966436, -79.34686544982516 39.10379663074316, -79.34678257526977 39.1049307598689, -79.34676058177551 39.10587203751565, -79.34662763107747 39.10676669221277, -79.34652750518502 39.10746356832104, -79.34618750397357 39.10818213361056, -79.34605530581662 39.10846152433628, -79.34533501319562 39.10928025755781, -79.34405597458185 39.11000544855705, -79.34319334914511 39.11091224903352, -79.34259395911033 39.11138127606812, -79.3417740728767 39.11163542107205, -79.34098223964047 39.11192600143284, -79.33999067127681 39.11234888010234, -79.33891061970311 39.11296871748023, -79.33825270837949 39.11352700146652, -79.33750970729324 39.11410658006005, -79.33659744950774 39.11475131760132, -79.33599821273025 39.11517976347644, -79.3351734733868 39.11566805573214, -79.33443147455083 39.11620258860425, -79.33366404167185 39.1166511414632, -79.33289022443779 39.11733837803104, -79.33209202647649 39.11789461387684, -79.33146146929553 39.1184532405841, -79.33127467609006 39.11926150371447, -79.33111438898618 39.1201106803121, -79.33123290186744 39.12103143420778, -79.33144153784238 39.1216876702144, -79.3320509766337 39.12202527435788, -79.33237832747618 39.12239937902574, -79.33322089119937 39.12355125212118, -79.33408292836383 39.12384739946948, -79.33511823207209 39.12397032255129, -79.33553270847079 39.12423754848108, -79.33576904961225 39.12491669906302, -79.3357836700723 39.125))",24.197761912497334,3478.65,0.006956078338578855,125,0.13042646884835354
548,39.09375,-79.28125,1982-07-03,21.325,1982,7,3,"POLYGON ((-79.3125 39.125, -79.27488931359282 39.125, -79.27500157211804 39.12466394130787, -79.27521458038289 39.12427938859702, -79.27528972171837 39.12414373077706, -79.27529793425217 39.12413834434691, -79.27578738001432 39.12381734081746, -79.27653037303712 39.12347073253154, -79.27670165510543 39.1233334321503, -79.27686034975393 39.12317589222653, -79.27716733586591 39.12287114254094, -79.27794954662204 39.12162576612518, -79.27867364289145 39.12056875260314, -79.27960651233251 39.11972654500101, -79.28067040716169 39.11905295688207, -79.28188440494326 39.11867463373713, -79.28203417433637 39.11856821551946, -79.28214735971756 39.11792141445746, -79.28176158439516 39.11722644822179, -79.28122430867553 39.11613278189545, -79.28081542673438 39.11528878377725, -79.28016214190623 39.11456732973753, -79.27890011762497 39.11346295823652, -79.27885209126291 39.11307114473726, -79.27907603573045 39.11251261128947, -79.27926769473856 39.11218168233255, -79.27952186583333 39.11172769028582, -79.27965158161267 39.1114959963631, -79.28016013674355 39.11071678584626, -79.28044065986052 39.11050636291037, -79.28102764794522 39.11027662484678, -79.28167985872919 39.10988096861278, -79.28217911937284 39.1094830527888, -79.28259696272964 39.10874904720652, -79.28305576375382 39.10816761727531, -79.28302054946829 39.10741473609675, -79.28277352628527 39.10651456546483, -79.28287825215205 39.10589353097502, -79.28294405829313 39.10570378474945, -79.28319338438436 39.10551673981833, -79.28347907305839 39.10509182584308, -79.28365039358459 39.10473925628474, -79.28395192241547 39.10441900556582, -79.28407486395325 39.10379009507961, -79.28420353796278 39.102895460378, -79.28422330213259 39.10208031070646, -79.28450987344512 39.10135019032764, -79.28454539918351 39.10119596166176, -79.28477597403047 39.10081974225177, -79.28513204261864 39.10001442322873, -79.28529247646048 39.09970686497657, -79.28558106856035 39.09944053386609, -79.28600962706093 39.09925932770226, -79.28663663988399 39.09885407767644, -79.28687847586687 39.09832032540291, -79.28729835286958 39.09773380477983, -79.28779691542795 39.09735969197929, -79.28804907850137 39.09705347447091, -79.28854648146242 39.09672701986109, -79.28916564378511 39.09642619555272, -79.28977903939274 39.09636367470974, -79.29048993511776 39.09606418593901, -79.29090074939016 39.09552189537193, -79.29137733540888 39.09478983773553, -79.29163522455401 39.09424529904373, -79.2917713626683 39.09367513734089, -79.2917188045902 39.09314885962608, -79.29177429977203 39.09284298246317, -79.2916058885677 39.09206563240028, -79.29137454247342 39.09162073649743, -79.29132293474794 39.09147709309299, -79.29125819897382 39.09085449897536, -79.29130028762471 39.090378324371, -79.29158529175955 39.08997721654653, -79.29196778142014 39.08933914495655, -79.29224315211584 39.08849835193109, -79.29234037908809 39.08831006927449, -79.29270795890625 39.08754055845695, -79.29291390204193 39.08679120673576, -79.29290296928181 39.0862015219679, -79.29291677905353 39.08611617639996, -79.29296940105262 39.08563697473145, -79.29306459628788 39.08509439934484, -79.29322213025317 39.08452074600637, -79.2933514158769 39.0842666479558, -79.29356163675772 39.08406174466295, -79.2942132067751 39.08343131923081, -79.29482217125997 39.08286426647255, -79.29520463439557 39.08232589041035, -79.29555336553955 39.08148303705417, -79.29556376124093 39.08105121852067, -79.29553350386136 39.08060280518934, -79.29550132112057 39.08023435620848, -79.29560738642462 39.08009191092619, -79.29608703402506 39.07977894579615, -79.29661156466446 39.07930664055792, -79.29692692540596 39.07905462919966, -79.29796905547154 39.0785620705328, -79.29907856736833 39.07818181579528, -79.30029346133949 39.07786615163334, -79.3014817209326 39.07754557286416, -79.30229828307864 39.0770573982491, -79.3029808054671 39.07658528486768, -79.30343732758242 39.07613688674522, -79.30454925672258 39.07655854116761, -79.30582999283443 39.07708173823488, -79.30668699652865 39.07709419453346, -79.3067414757315 39.07709498626942, -79.30681113328134 39.07704804795254, -79.30763807800986 39.07649080478554, -79.30836231734101 39.07572190895535, -79.30885658773525 39.07471991660576, -79.30983687751184 39.07412405186113, -79.31058671025265 39.07366826558351, -79.31122493114364 39.07280800738323, -79.31201853707672 39.07158057541516, -79.3125 39.07096765497377, -79.3125 39.125))",20.13943979849067,3478.65,0.005789441248326411,126,0.12345983903755385
913,39.09375,-79.15625,1982-07-03,17.425,1982,7,3,"POLYGON ((-79.13802409863372 39.125, -79.125 39.125, -79.125 39.11174297920607, -79.12578539606663 39.11168684076974, -79.1265395638876 39.11159535337705, -79.12733503690478 39.11196403865366, -79.12767412151314 39.11234341148902, -79.12863014851649 39.11273720395337, -79.12939891425054 39.11310544027448, -79.12957735422226 39.11346420694668, -79.13039079863208 39.11416652982443, -79.13113179023313 39.11457485978533, -79.13209071042465 39.11486054212693, -79.13311781976087 39.11500676442692, -79.13326890886397 39.11532888745355, -79.13327160217911 39.11588409944144, -79.13354121842937 39.11687052162623, -79.13395664919139 39.11739976693405, -79.13470149560169 39.117663970206, -79.13536340512277 39.11803046591616, -79.13518135057126 39.11882044499095, -79.13470150098672 39.11969126452831, -79.1343080366767 39.12035622108365, -79.13443139096523 39.12077716883685, -79.13517080830603 39.12124851839888, -79.13566721089612 39.12177905222122, -79.13637811556369 39.12229048813246, -79.13749487151892 39.1227092919213, -79.13827499973382 39.12284549136763, -79.13841667605828 39.12299910340501, -79.13846764242842 39.12351773318706, -79.13836796215884 39.12422793954769, -79.13802526193386 39.12499734579691, -79.13802409863372 39.125))",1.905994959644005,3478.65,0.000547912253214323,127,0.009547370594235704
1278,39.09375,-79.09375,1982-07-03,18.2,1982,7,3,"POLYGON ((-79.125 39.125, -79.0625 39.125, -79.0625 39.09611501055208, -79.06268893587738 39.09612404733736, -79.06373058573934 39.09606983689631, -79.06483143109749 39.09608812417076, -79.0656259731709 39.09592947758811, -79.06586930853169 39.09592227756807, -79.06697200951088 39.09584596196836, -79.06788422912435 39.09605030086306, -79.06848953719459 39.09629910218834, -79.06852487151374 39.09630896153146, -79.06873777711881 39.09643899240174, -79.06955757582588 39.09666712707958, -79.07020234263047 39.09658244178348, -79.0710052102016 39.09630965800417, -79.07147234364813 39.09600747644144, -79.07215352804479 39.09570883650229, -79.07246840749609 39.09538030086872, -79.07296861408452 39.09502452882047, -79.07342345643711 39.09483101884759, -79.0745629750006 39.09454350797622, -79.07538601590005 39.09465170964096, -79.0763866693153 39.09497907423309, -79.0773900231631 39.09520737033837, -79.0782142008153 39.09524799301526, -79.07961741948891 39.09538825283278, -79.08068340996361 39.09557250321034, -79.08193155442632 39.09578225869769, -79.08287793450705 39.09573422534171, -79.08302183194242 39.09583174380661, -79.08313569876633 39.09649584929525, -79.08366417725428 39.09731545013113, -79.08370630847283 39.0980279471669, -79.08324114824852 39.09825906537258, -79.08267775889078 39.098727332958, -79.08241871711873 39.09924566285907, -79.08230952370374 39.09988809136042, -79.08225915692974 39.10062609355369, -79.08248586428861 39.10130107711861, -79.08295821865025 39.10192603889955, -79.08426398326364 39.10228089292643, -79.08497273690645 39.1021033193223, -79.08561874881173 39.10194724879676, -79.08620418772844 39.10181269905748, -79.08699688601472 39.10189779139886, -79.08784978094964 39.10202892735522, -79.08845327305588 39.1023496701345, -79.08922215286282 39.10331735801164, -79.08969261719062 39.10404137888896, -79.08902410173116 39.10500351078512, -79.08899891324386 39.105935644731, -79.08875927799991 39.10685975998815, -79.08870687908951 39.10779590330389, -79.08897829180729 39.1079583528146, -79.08958388900717 39.10806711594917, -79.09109916005151 39.10859201112063, -79.09276179569014 39.10933554004343, -79.09390827701468 39.10992193198577, -79.0948672368108 39.11068094849296, -79.09607322194699 39.11134038501095, -79.09712266388449 39.11212338059526, -79.09769984298384 39.11232101536122, -79.09836605211981 39.11254912919295, -79.09959002874412 39.11254206438755, -79.10103219140397 39.11237636559684, -79.10241368742712 39.11220964911344, -79.10387771204894 39.11122885150647, -79.1052655612235 39.11082343672117, -79.10625336964119 39.11048359266908, -79.10701907110463 39.11032138984102, -79.1074832665763 39.11036128755912, -79.10793284030707 39.11060548367812, -79.10873951693441 39.111334879438, -79.10931343945396 39.11160549108364, -79.11023103589685 39.11162037211378, -79.11074102040065 39.11201156677261, -79.11152438373911 39.11245224561569, -79.11229086901518 39.11241511015027, -79.11317415659373 39.11255106168547, -79.11405446021345 39.11282659825272, -79.11479552573923 39.11255025720141, -79.11566696006561 39.11201923661965, -79.11638149708733 39.11159830743326, -79.11704377110892 39.11129365085382, -79.11813302287997 39.11173021610202, -79.11919280544647 39.11226991336023, -79.11998549258725 39.11274222335529, -79.12040127553573 39.11325349894069, -79.12055522216248 39.11352628044627, -79.12101794660548 39.11360853845947, -79.12119040577289 39.11363919563181, -79.12119625784916 39.11364023104446, -79.12176486468078 39.11346019080511, -79.1225853242216 39.11288775056305, -79.12340696613718 39.11229730099782, -79.12460203157332 39.11177142514072, -79.125 39.11174297920607, -79.125 39.125))",19.564641501118576,3478.65,0.005624205223612199,128,0.10236053936067008
1643,39.09375,-79.03125,1982-07-03,14.1,1982,7,3,"POLYGON ((-79.0625 39.125, -79.03876200915394 39.125, -79.03895857312465 39.12459766698347, -79.03926653810937 39.12350362183277, -79.039158398114 39.12239806951271, -79.0385520731221 39.12124358825989, -79.0378628013119 39.12008319974534, -79.0372388191024 39.11915418665668, -79.03727153047521 39.11892822056765, -79.03743953400466 39.11881767915147, -79.03779663853454 39.1186984189681, -79.03868134213204 39.11826017720844, -79.0392484819386 39.11791098736929, -79.03974503252175 39.11748508732789, -79.04004673095471 39.11709366848841, -79.04021722362344 39.11635964639823, -79.040272644966 39.11623590608274, -79.0408580214024 39.11511949323422, -79.04158095894414 39.11407295726299, -79.04274561161428 39.11310141892931, -79.04359578285242 39.11244444651093, -79.04440471770678 39.11129122226946, -79.04536786104573 39.11057304999441, -79.04615935164632 39.11002320023319, -79.04707413875296 39.10906544005604, -79.04755537345788 39.10870408778273, -79.0485383019541 39.10828806680872, -79.0497219033449 39.10761861104485, -79.05068381736106 39.10694092409693, -79.05146018493289 39.1059402692814, -79.05214401981844 39.10528044588484, -79.05274415777156 39.10464175578326, -79.05329099091325 39.10391656487802, -79.05389643387413 39.10308423570353, -79.05430649852654 39.10231171370013, -79.05424239112622 39.10162135927276, -79.05419474655704 39.10109347629113, -79.05493725382512 39.10079502069704, -79.05581294196104 39.10009332759904, -79.05693734934701 39.09925611815159, -79.05750745637371 39.09854931783223, -79.05819703585603 39.09793911619898, -79.05891690791819 39.09735643532343, -79.05991127882187 39.09677832835141, -79.06028747007859 39.09660186313064, -79.06090619352807 39.09642815932202, -79.06164727559903 39.09617825361198, -79.06192510089427 39.09608751318185, -79.0625 39.09611501055208, -79.0625 39.125))",7.251495519661738,3478.65,0.0020845717504381694,129,0.029392462476379205
2008,39.15625,-79.46875,1982-07-03,33.4,1982,7,3,"POLYGON ((-79.47934803449165 39.1875, -79.44238464472441 39.1875, -79.44235900347279 39.18745831694974, -79.44225036898229 39.18683965049343, -79.44247085428712 39.18636459156303, -79.44306873440983 39.1857443315369, -79.44399634297821 39.18517353966908, -79.44519993330695 39.18457240459216, -79.44631114320605 39.18399254534363, -79.44773847907014 39.18387642306268, -79.44816056901827 39.18426047811033, -79.44884950551203 39.18455349320281, -79.44964897785832 39.18476788158446, -79.45005157705486 39.18487585182056, -79.45060737807485 39.18482120498572, -79.45089932444377 39.18479251076216, -79.45090144632499 39.18479161910119, -79.45117193013361 39.18477119565503, -79.45162405306807 39.18465857898258, -79.45257586431919 39.1842170785049, -79.4534145186491 39.18392286290986, -79.45435079989689 39.18372021497991, -79.45522449570377 39.18349613157331, -79.4559953445975 39.18323683244405, -79.4578243004527 39.18323549912438, -79.4594987016963 39.18267198764494, -79.46073884860944 39.18227384275063, -79.46126432703095 39.18210513986349, -79.46308318681899 39.18184982792321, -79.46409695542414 39.18108380533398, -79.46450709300828 39.18029179218564, -79.46505877617629 39.17963736959213, -79.46509681075521 39.17959225100793, -79.46611044390127 39.178830709644, -79.46723308688131 39.17861121204017, -79.46819873906827 39.17869148954151, -79.46870049008548 39.17924321624746, -79.46877392508634 39.17940382643118, -79.46904656729387 39.18000013285884, -79.47049181963402 39.18025339100654, -79.470923389788 39.18033718634729, -79.47178589572195 39.18050465098714, -79.47262644408259 39.18074993937681, -79.47349171559759 39.18125685639878, -79.47404824603291 39.18208860134613, -79.4749713026128 39.18273592128974, -79.47495814543124 39.1833439543021, -79.47530830661616 39.18391619530884, -79.4752424828516 39.18414960509829, -79.47535861567273 39.1846877968208, -79.47561520936796 39.18482489800203, -79.47631374130303 39.18493851353732, -79.47733487417922 39.18523569797559, -79.47804626791279 39.18590274773828, -79.47870327407932 39.18624022000728, -79.47905021281913 39.18699711061627, -79.47934803449165 39.1875))",2.7455829313209064,3478.65,0.0007892667935322341,117,0.026361512108302173
2373,39.15625,-79.40625,1982-07-03,30.825,1982,7,3,"POLYGON ((-79.42944201639423 39.1875, -79.42747787408399 39.1875, -79.42796800889094 39.18680994984161, -79.42873823206595 39.18647876029361, -79.42902208394349 39.18665813119063, -79.4292976995221 39.1873775216238, -79.42944201639423 39.1875))",0.019733923344218827,3478.65,5.6728683093208074e-06,118,0.00017486616996286892
2738,39.15625,-79.34375,1982-07-03,26.675,1982,7,3,"MULTIPOLYGON (((-79.3125 39.17753915004732, -79.3125 39.17608836593782, -79.31311859744909 39.1767704150685, -79.3130907500737 39.17711369530495, -79.3125 39.17753915004732)), ((-79.3125 39.16915902992164, -79.3125 39.125, -79.3357836700723 39.125, -79.33589271136096 39.12562126919978, -79.33609727162091 39.12645314640287, -79.33588337546843 39.12721597212503, -79.33531179379601 39.12766282942048, -79.33396491721699 39.12768863461511, -79.33281340220186 39.12773974211744, -79.33177261089561 39.12787801933842, -79.3311784395726 39.12808576578993, -79.33032213390366 39.12870872632856, -79.32929281263849 39.12952292045009, -79.32832039047537 39.13031539596135, -79.32751209062134 39.13129043267012, -79.32682263169863 39.13197884117923, -79.32649490185887 39.13278054679763, -79.32635598226852 39.13391386220192, -79.32688993109382 39.13506133901372, -79.32742399973893 39.13620430438447, -79.32807375042371 39.13719575889775, -79.32904251999899 39.13775479009991, -79.32976286513146 39.13811651417386, -79.33036478072836 39.13877838411627, -79.33096842385621 39.13933666789074, -79.33111983867305 39.14005966301388, -79.33118483939354 39.14088954833499, -79.33116676112188 39.14165516182861, -79.33100640419988 39.14250434153724, -79.33103781133242 39.14353196688769, -79.33118774984302 39.14431801600461, -79.33142398056142 39.14500167283077, -79.3317141817386 39.14578972841478, -79.33182604135106 39.14699421382653, -79.33163588723023 39.14791054121923, -79.33139430672747 39.14864592215107, -79.33123852875146 39.149301453437, -79.33096661136715 39.1501264986552, -79.32999955467508 39.15068029351107, -79.32905889781516 39.15127951119645, -79.3286512717013 39.15190888693682, -79.32846212607956 39.15278017589919, -79.32844363209765 39.15356180079767, -79.32831317033018 39.15383940294802, -79.32794791135825 39.1543676269465, -79.32719509374121 39.15533893972166, -79.32621918123921 39.15626199393169, -79.3254460107017 39.15693115854047, -79.32470713206192 39.15731248129026, -79.32402358141836 39.15773965087531, -79.32346993530359 39.15860568195013, -79.32358530280968 39.15965704588549, -79.32331796226002 39.16028391454362, -79.32287314797881 39.16128667040842, -79.3223778128192 39.16204090500324, -79.32159779203982 39.16299377190965, -79.32143984696296 39.16373484562949, -79.32067535048645 39.16436806344382, -79.31971550907497 39.16497142476634, -79.31838901821989 39.16556948653687, -79.31703278055713 39.16614007228754, -79.31567415286504 39.16680973275047, -79.31425185267025 39.16760007401192, -79.31334932004873 39.16834388084117, -79.3125 39.16915902992164)))",10.39917603681218,3478.65,0.0029894286682512414,119,0.07974300744484879
3103,39.15625,-79.28125,1982-07-03,30.425,1982,7,3,"POLYGON ((-79.29773527311482 39.1875, -79.25 39.1875, -79.25 39.15164473325942, -79.25010896762664 39.15158362090159, -79.25066401492577 39.1514250743539, -79.25109545143019 39.15131235767717, -79.25168995153771 39.15079680602913, -79.25237213010823 39.15044945088103, -79.25280769554048 39.15016990659121, -79.2533021064156 39.14998660272624, -79.25352165145503 39.14977533496739, -79.25405078712782 39.14942567228682, -79.25470469423479 39.1489825215448, -79.25523558232963 39.14856135283078, -79.25539920436771 39.14813469709238, -79.2552214696385 39.14729287853203, -79.25524918484086 39.14695331814766, -79.25526008028525 39.1468198373198, -79.25537888186318 39.14652084883078, -79.2555585748739 39.14606861715212, -79.25564675309667 39.14563554568751, -79.25573278855758 39.14521300022901, -79.25581463821759 39.14508720907224, -79.25613786182045 39.14459046421027, -79.25617830070843 39.14452831758705, -79.25653597744976 39.14403691442812, -79.25659026433031 39.14396233036405, -79.25697279376827 39.14334822240563, -79.25718054185892 39.14314606917569, -79.25791380239497 39.14243254852103, -79.25894652804605 39.14168077219441, -79.25900485956787 39.14163830991347, -79.25999950318851 39.1406006239671, -79.26005539920688 39.14057562725431, -79.26096338022195 39.1397547936373, -79.26161950230002 39.13921627335866, -79.26211498210202 39.13898526961225, -79.26270695041201 39.13856497699983, -79.26363611190908 39.13812587454601, -79.26428750910451 39.13777799013702, -79.26462938236675 39.13756852150087, -79.26492234439621 39.13685769804155, -79.26497717531491 39.13649996690648, -79.2651604520299 39.13618139418463, -79.2654871488524 39.13538896476852, -79.26573005243804 39.13512942320985, -79.26622725234925 39.13482690716888, -79.26676146603243 39.13426269925763, -79.26717386615212 39.13367283602641, -79.2673638894628 39.13341342771681, -79.26749037267358 39.13324842423614, -79.26805458418202 39.1327085017089, -79.26846229797455 39.13230928268802, -79.26880821367121 39.13193298746189, -79.2690923541893 39.13157961394759, -79.26975183312138 39.13089805760504, -79.27019478637528 39.13030864544848, -79.27125609565925 39.12946615789433, -79.2713235366832 39.12939675091094, -79.2715072836031 39.12920765175069, -79.2721909040212 39.12878867069421, -79.27250561018076 39.12843573784179, -79.27270200866252 39.12791417718581, -79.27271601929158 39.12787192524901, -79.27286492571508 39.12742290805558, -79.27286722054151 39.12741599037122, -79.27299765248057 39.12729869091533, -79.27322479572773 39.12723615810892, -79.27387953726796 39.12674522304783, -79.2743841937896 39.12613286311894, -79.27450593535069 39.12595991485517, -79.27473296730386 39.12563739427508, -79.27478887085 39.12533575254331, -79.2748034628985 39.12525700383994, -79.27488931359282 39.125, -79.3125 39.125, -79.3125 39.16915902992164, -79.31235049675951 39.1693025181499, -79.31171899934154 39.17017637088571, -79.31127701469522 39.17080969752899, -79.31076330515249 39.1718699634696, -79.31070792132078 39.17291435730223, -79.31087160237632 39.17372314383424, -79.31137593899412 39.17432513673201, -79.31231464600445 39.17588399954136, -79.3125 39.17608836593782, -79.3125 39.17753915004732, -79.3118058254081 39.17803909052183, -79.31077745648079 39.17892519981806, -79.31023901666913 39.17974633616633, -79.30961203879932 39.18042652275906, -79.30923021815579 39.18096570287427, -79.30900346901291 39.18140474186966, -79.30884636374067 39.18183947057879, -79.30847396238468 39.18225834167232, -79.30796483476875 39.18244399756673, -79.30739315611181 39.1826081440393, -79.30672692542485 39.1827281227663, -79.3059661354165 39.18280394728957, -79.30557628632847 39.1829375202003, -79.30486347012982 39.18329749920436, -79.30439504808264 39.18364843073496, -79.30380296135026 39.18398011210676, -79.30321523576296 39.18438310161456, -79.30258968876439 39.18466835701663, -79.30188851874045 39.18471812754346, -79.30131627634891 39.18468806310351, -79.30085365533205 39.18480702967571, -79.30082221362626 39.18480520983513, -79.30009485157132 39.18492741969209, -79.29938199368175 39.18528736847498, -79.29873603443198 39.18574015460482, -79.29846100881323 39.18625070370672, -79.29788329272604 39.18732049651131, -79.29778027838677 39.18746343758904, -79.29773527311482 39.1875))",55.71488720251844,3478.65,0.01601623825406938,120,0.4872940366606408
3468,39.15625,-79.21875,1982-07-03,27.05,1982,7,3,"POLYGON ((-79.25 39.1875, -79.1875 39.1875, -79.1875 39.16231150985977, -79.18771519206666 39.16212045031339, -79.18849940025909 39.16139362511152, -79.18890771440972 39.16099470219367, -79.18928603285711 39.16057148039819, -79.18982265121961 39.16014893772038, -79.18999780888103 39.1600503817055, -79.19077329949752 39.16018857273438, -79.19197287324552 39.16054507028756, -79.19314685346765 39.16085611485475, -79.19450805101019 39.16122861022495, -79.19600137658401 39.1627158981138, -79.1972610361445 39.16386617976392, -79.19860656111817 39.16482854630848, -79.19920399272566 39.16534971750539, -79.19947032248547 39.16541489535521, -79.20004584046298 39.16529229032763, -79.20085574702716 39.16513361241663, -79.20206025288923 39.16530087508865, -79.20302603440437 39.1653563162895, -79.2044407808274 39.16573402723095, -79.20556459394206 39.1659180273759, -79.20660744043822 39.16610078171583, -79.20797164381686 39.16633351288895, -79.20917544939628 39.16655926079869, -79.20935284001678 39.16698095845086, -79.20997167864007 39.16799510212209, -79.21051722277144 39.16873330392446, -79.21111675236938 39.16945432555039, -79.21179934479747 39.17009550884299, -79.21234812701762 39.17070761518015, -79.21292937069899 39.1710949565484, -79.21357850348376 39.17091569541175, -79.21435474313616 39.17103122189885, -79.21440865553348 39.17104666141869, -79.21502734289649 39.17122377735669, -79.21536891203721 39.17132156966248, -79.2159616738884 39.171170120962, -79.2165303514263 39.17122813935377, -79.21729744423025 39.17155832978583, -79.21824898241745 39.172181076575, -79.21934842794774 39.17277515985679, -79.21944162140704 39.17282551592569, -79.22109033387243 39.1735174528967, -79.2221525955821 39.17399769069129, -79.22329236490893 39.17461876032768, -79.22438112119484 39.17513993756909, -79.22571156588826 39.17566027410444, -79.22704405992212 39.17609953067126, -79.22821642926972 39.17649129055729, -79.22938869755198 39.17688754417783, -79.23069087840814 39.17747046385685, -79.23238956280079 39.17857296724736, -79.23240948772339 39.1785867849072, -79.23386185991569 39.17747803879861, -79.2360430501613 39.17621361479694, -79.23707749795102 39.17459842871006, -79.23703164625688 39.17321917560632, -79.23758335082482 39.17155163463761, -79.23810156232494 39.17018091153513, -79.2382058877195 39.16921840087408, -79.23823172473827 39.16866447962635, -79.23841456993487 39.16812527286736, -79.23886774166468 39.16745339663307, -79.23925297378841 39.16701115201741, -79.23953859014324 39.16661019272556, -79.2396363745617 39.1663732798711, -79.23989018966607 39.16601951628022, -79.24017877325961 39.16549940943321, -79.24065221322115 39.16493441099863, -79.24124631526746 39.16444274980515, -79.24218187844302 39.16376552240397, -79.24286779397944 39.16327523618119, -79.24337657850096 39.16253934555249, -79.24361672527684 39.16231718365412, -79.24465756286764 39.1615354648799, -79.24517427117281 39.16018720945049, -79.24586267712307 39.15952631750499, -79.24671359482895 39.1587867747109, -79.24725710142229 39.15757686365284, -79.24728247147317 39.15752038777576, -79.24821775333704 39.15556571533554, -79.24904810457684 39.1545735618712, -79.24916564614499 39.15307062163245, -79.24930619085143 39.15221026692662, -79.24948679187457 39.15197955091293, -79.24973637598562 39.1517925816213, -79.25 39.15164473325942, -79.25 39.1875))",19.55011989718126,3478.65,0.00562003072950175,121,0.15202182694527916
3833,39.15625,-79.15625,1982-07-03,25.2,1982,7,3,"POLYGON ((-79.1875 39.1875, -79.125 39.1875, -79.125 39.125, -79.13802409863372 39.125, -79.13762526629249 39.12590998186651, -79.13768141094312 39.1268524458748, -79.13765447401759 39.12787467009478, -79.13782802040947 39.12842255184985, -79.13884004772484 39.12873155074694, -79.14021628846687 39.12948784517449, -79.14068888008619 39.12990986054296, -79.14059597898157 39.13039042483773, -79.1405247146072 39.13103801990761, -79.14053059849493 39.13183100205016, -79.13992744140795 39.1323034175328, -79.1389725834466 39.13277429664758, -79.1389095589514 39.13289860256352, -79.14043031128094 39.13360890436427, -79.1410273462443 39.13364895931458, -79.1416638363859 39.13369165799769, -79.14292566082401 39.13368924936385, -79.14374099606019 39.13433295151641, -79.14447730237453 39.13493033298355, -79.14523716749395 39.13564973076504, -79.14667490106859 39.13613663007391, -79.14743706438878 39.13633631473605, -79.14753999696414 39.13649180802055, -79.14685118178669 39.13760358004919, -79.14651180192266 39.13824691581634, -79.14585136296085 39.13886261320266, -79.14516143291922 39.13958146030715, -79.14470512476525 39.14027397305279, -79.14479075730632 39.14043879027379, -79.14582822200246 39.14076337554715, -79.14788727464826 39.14111148965369, -79.149338334459 39.14109399870125, -79.15057189089232 39.14115413258529, -79.1515704959882 39.14198539871686, -79.15223000914682 39.14245537429326, -79.15318773834308 39.14280393555123, -79.15412298391894 39.14298994206757, -79.15543212372822 39.14325845970779, -79.15652138682924 39.14369466755205, -79.15744526685833 39.14431746865643, -79.15820207615027 39.1451628775015, -79.15928777285347 39.14576569111395, -79.16031868406375 39.14639015363488, -79.16064333267371 39.14733684250818, -79.16174551607399 39.14833634351483, -79.16316402377743 39.14854792793468, -79.16439173746318 39.14883757989053, -79.16559098105974 39.14919434728521, -79.16705985691796 39.14952831779348, -79.16841880431551 39.14994613392251, -79.17024894192032 39.15085337663317, -79.17080840643413 39.15103335616583, -79.17157823400242 39.15084586482268, -79.17178152371397 39.15079634199159, -79.17262225707101 39.15047616976192, -79.17394290303017 39.15030765425309, -79.17520679114581 39.1502643811076, -79.17657278040865 39.15041191050682, -79.17828423142964 39.15068195195338, -79.17831159180976 39.15068688838977, -79.17984560132879 39.15161188006837, -79.18184027387333 39.15237284812747, -79.18313613722778 39.1531679433641, -79.18453871595138 39.15400521448436, -79.18527441258415 39.15464739261093, -79.18612582218249 39.15495348626426, -79.18667757965977 39.1550768784528, -79.18688132670326 39.15524172895471, -79.18681275769924 39.1555267260605, -79.18649750829681 39.15587941366625, -79.18533838216642 39.1573649523877, -79.18451094116035 39.1582080262205, -79.18386440814514 39.1593287262781, -79.18326764109891 39.16059435715251, -79.18245331847461 39.16196471383407, -79.18222988694612 39.16227339113062, -79.18157111778841 39.16288293227087, -79.18087926800044 39.16358731793954, -79.18065824191332 39.1638461005904, -79.18021925383425 39.16424451519573, -79.17971841880757 39.16466580162975, -79.17950107359306 39.16478160344513, -79.17911164572637 39.16499468836563, -79.17898747453158 39.16508667147122, -79.17856682885355 39.16577388107016, -79.17804400091065 39.1662432402918, -79.17779105346906 39.16661859970137, -79.17754289309202 39.16708724529819, -79.17737445188503 39.16768059884252, -79.17715155463814 39.16801085941603, -79.17665067482795 39.16843212502381, -79.17652452632474 39.16857318923944, -79.17621470501786 39.16871137435569, -79.17586935263957 39.16903971726713, -79.17570385007187 39.16916346696252, -79.17554003841909 39.16944905473144, -79.17556451877847 39.16963811771876, -79.17704712112453 39.17030489968626, -79.17805960699732 39.17076024595639, -79.17809102257335 39.17076708342633, -79.17852996198364 39.17075261249234, -79.17858145467173 39.17075091039718, -79.17892066011304 39.17066085117292, -79.17941969896643 39.17031106452488, -79.17994995457902 39.16993791751857, -79.18089414615493 39.16895141174307, -79.18155544074394 39.16824656253567, -79.18196813065479 39.16768084842192, -79.18269185355682 39.16692928266741, -79.18316513915599 39.16638835909012, -79.18335371597148 39.16620058353492, -79.18379269467664 39.16580215747215, -79.18413740007854 39.16549762491648, -79.18448576135414 39.16505010215126, -79.18533065272025 39.16434808413984, -79.18592756034919 39.16376139503836, -79.18649141338798 39.16326954108894, -79.18721381108487 39.16256560437706, -79.1875 39.16231150985977, -79.1875 39.1875))",45.10913211990125,3478.65,0.012967424753827273,122,0.3267791136898072
4198,39.15625,-79.09375,1982-07-03,22.95,1982,7,3,"POLYGON ((-79.125 39.1875, -79.0625 39.1875, -79.0625 39.125, -79.125 39.125, -79.125 39.1875))",62.42544711822269,3478.65,0.017945308415110082,123,0.41184484181796016
4563,39.15625,-79.03125,1982-07-03,24.025,1982,7,3,"POLYGON ((-79.0625 39.1875, -79.00940982822439 39.1875, -79.00984003050016 39.18700266895218, -79.01031090503739 39.18606016178961, -79.01060996116284 39.18530843649957, -79.01066310143079 39.18439933982075, -79.01021530215662 39.18354925671139, -79.01014852132124 39.1829669748732, -79.01028434191105 39.18251278118172, -79.01035193620609 39.18237451588249, -79.01102950065534 39.18157423016907, -79.01172331702465 39.18105742498501, -79.01247199681868 39.18031498597986, -79.01270140183948 39.17983578815589, -79.01288098078808 39.17961687719019, -79.01346312402018 39.17867625854032, -79.01422564011847 39.17821623236266, -79.01535583826484 39.17751920457977, -79.0157043976253 39.17698454852734, -79.01598782547867 39.1757820389858, -79.01648192951188 39.17501109182049, -79.01744446612746 39.17435622233091, -79.01817763407283 39.17395875851499, -79.01888565874451 39.17345272206856, -79.01940352575832 39.17281281519405, -79.01986444470128 39.17221698114401, -79.0204312846316 39.17181667260373, -79.02086483382178 39.17121586149438, -79.02157697267312 39.17056122126641, -79.02229055955752 39.16987956548402, -79.02327742697008 39.16933319677015, -79.02420376232844 39.16898400569862, -79.02420184674301 39.16897496093074, -79.02459640002836 39.16888703811241, -79.02385597923154 39.16750497834255, -79.02377850932349 39.16631884910854, -79.02433473112563 39.16528763282145, -79.02565267304539 39.16384134861332, -79.02626500948243 39.16279304694331, -79.02634913564846 39.1617763484813, -79.0267394763892 39.16072427918428, -79.02701181097497 39.15990898848406, -79.0271925734948 39.15939397308377, -79.02788081713557 39.15860373323846, -79.02846321157205 39.15764051157942, -79.02898565747564 39.15682944267464, -79.02929908951266 39.15611988919709, -79.02948783715959 39.1559166396641, -79.02993158716085 39.15537585550782, -79.03040661016379 39.15481174640356, -79.03106590295515 39.15422691334228, -79.03138256690343 39.1538508402605, -79.03207576956332 39.15314738353926, -79.03289269006713 39.15239832690252, -79.03399099987396 39.15143946656333, -79.03476932438933 39.15097581858189, -79.0353640260944 39.1505090664949, -79.03605847688775 39.14975792136616, -79.03644316180349 39.14934468378544, -79.03756478855927 39.14880669840736, -79.03807223145054 39.14822073415869, -79.0381246398657 39.14795309108709, -79.03766673107376 39.14714156102119, -79.03697173762519 39.14617929494947, -79.0359203262781 39.14505784813188, -79.03488787714342 39.14424305155411, -79.0345326297808 39.14391047542381, -79.03431315565074 39.14373199885935, -79.0333431876707 39.14317420576334, -79.03265292094959 39.14277724759363, -79.0314220795121 39.14213025791651, -79.03032099911339 39.14180981527906, -79.02889461525265 39.14160395576394, -79.02885960650163 39.14146173426332, -79.02933183671593 39.1404325711595, -79.02978257716195 39.13920582732114, -79.03033469844247 39.1383096451095, -79.0309108701185 39.13756254792712, -79.03210666586672 39.13647901916627, -79.0331594068749 39.13554624109949, -79.03426300650288 39.13478548653912, -79.03524936871503 39.13426152827451, -79.03587674086084 39.13364590575321, -79.03681643053591 39.13279677751173, -79.03731103701723 39.13196267434157, -79.03802395522963 39.13128540717372, -79.03803279382002 39.13127313428672, -79.03830206026181 39.13105484520436, -79.03872602232347 39.13062772537643, -79.03888397522979 39.13017725150588, -79.03884546637403 39.12981787119582, -79.03876671311906 39.1293712640377, -79.03877461584341 39.12922122484112, -79.03854747792461 39.1274018764805, -79.03834077733556 39.12586218988934, -79.03876200915394 39.125, -79.0625 39.125, -79.0625 39.1875))",35.450088981043045,3478.65,0.010190760490719975,124,0.24483301690208079
4928,39.21875,-79.53125,1982-07-03,40.075,1982,7,3,"POLYGON ((-79.5 39.22425000731688, -79.5 39.19288846198324, -79.50063221203942 39.19259345270694, -79.50160852141289 39.1921825214576, -79.50262088911967 39.19206450791609, -79.50324448182704 39.1919918120829, -79.50439619849192 39.1918399131248, -79.50491903182444 39.19198833812459, -79.50511273807416 39.19221710999921, -79.50470006515809 39.19320889437267, -79.50462383599154 39.19393775895486, -79.50517015369905 39.19476114124524, -79.50523888390728 39.19486472874507, -79.50513964536577 39.19499861520325, -79.50477249015802 39.19549395582743, -79.50361279432644 39.19601970582664, -79.50317460891046 39.19671688082553, -79.50338451620183 39.19694975999187, -79.50349917141 39.19707696207502, -79.50479272974127 39.19737289749122, -79.50577800161477 39.19797571624025, -79.50615079953087 39.19889506623883, -79.50701431411284 39.19954138186284, -79.50750847973706 39.20008436623698, -79.50762621515355 39.20051477873631, -79.50761508598691 39.20083554123585, -79.50760469223695 39.20113511311035, -79.5074915328621 39.20175899852609, -79.50727302036245 39.20217253394208, -79.50722718598752 39.20238170477512, -79.50794067973641 39.2028961110243, -79.50816997869441 39.20348472039836, -79.50827490161089 39.20423844123053, -79.50790140786148 39.20475174956306, -79.50725476098745 39.20527528706225, -79.50710162869603 39.20539926622877, -79.50717254744592 39.20550408289523, -79.50742448911222 39.20587645581134, -79.5079328328614 39.20613976101924, -79.5084732422356 39.20629085893569, -79.50897463806814 39.20688294539309, -79.50920458910946 39.2074760703922, -79.50957700056722 39.20841791934907, -79.5101685620246 39.20906071622306, -79.51088168494016 39.20963749955553, -79.51171697348053 39.21018880892967, -79.51130043598118 39.2106835516372, -79.51121432348134 39.21123996413633, -79.51106606827324 39.21179372663551, -79.51055422660733 39.21240926100955, -79.51020276410787 39.21313770371671, -79.50998728598324 39.21359877350767, -79.50960372973384 39.2143046287149, -79.50897117556815 39.21494866100556, -79.50857541515211 39.21546437454646, -79.50817682973604 39.21568034850446, -79.50814793286111 39.21571157350439, -79.50749957765379 39.21610873496212, -79.50645612244705 39.21649632141987, -79.50593085994785 39.21682296204438, -79.50570885265654 39.21699782350242, -79.50558845369841 39.21712891829389, -79.50519722557402 39.21771592350132, -79.50498019224102 39.2181532203756, -79.50485177349123 39.21853942870837, -79.50425881932546 39.21932485995711, -79.50351307765993 39.22011621516424, -79.50310812141061 39.22048930162197, -79.50265117766128 39.2210073662045, -79.50204601932887 39.22160264745361, -79.50150042557976 39.22217179536938, -79.5012727089134 39.22244270370231, -79.50069351933098 39.2229654943265, -79.50061333391443 39.22299701411811, -79.50041206933145 39.2232032443261, -79.50028825370663 39.22346236828406, -79.50016051516513 39.22390546724171, -79.5 39.22425000731688))",3.3961693318025685,3478.65,0.0009762894605098439,107,0.03912480087478174
5293,39.21875,-79.46875,1982-07-03,39.6,1982,7,3,"POLYGON ((-79.47275363682073 39.25, -79.4375 39.25, -79.4375 39.19213212425878, -79.43788799921454 39.19211731808425, -79.43843782514189 39.19209633471945, -79.43918650223127 39.19182948456893, -79.43985701281817 39.19178005460576, -79.44049998256833 39.19177933698051, -79.44120854072366 39.19184757972578, -79.44170027784554 39.19187645551755, -79.44212342567972 39.19178881166916, -79.44241838508444 39.19161075322371, -79.44246448494147 39.19137072157102, -79.4424174368075 39.19111041584463, -79.44230289477024 39.19086436413415, -79.44219119819358 39.18951944415333, -79.4425702820417 39.18893433784005, -79.44274182378643 39.18808063908157, -79.44238464472441 39.1875, -79.47934803449165 39.1875, -79.47942934364966 39.18763729528819, -79.47990707062422 39.18790033512371, -79.48022846015209 39.18840009500556, -79.48068437890656 39.18861822761178, -79.48088671640903 39.18871502358492, -79.48149127988015 39.18870039549915, -79.48242718425578 39.18875764595679, -79.4830953858355 39.18891116553269, -79.48384073331236 39.18908240916326, -79.48450055960143 39.18932526290754, -79.48505979259008 39.19003985712322, -79.48579845480909 39.1908243504618, -79.48620197024552 39.19174866687559, -79.4862334953024 39.19241125820693, -79.48651811186616 39.19258564166137, -79.48712201928387 39.1925129824582, -79.48803106477774 39.19240764052552, -79.48888006955426 39.19230153286379, -79.48987953497408 39.19219736816863, -79.49083552872128 39.1924227652072, -79.49093281830449 39.19244567562384, -79.49105324226264 39.19243934437384, -79.49168920684497 39.19240591416559, -79.49238948184387 39.19218070895761, -79.49314528705105 39.19216796624926, -79.49450770371561 39.19204592041615, -79.49584457663019 39.19172980479163, -79.49621122142128 39.1917150339583, -79.49711502350323 39.19167862145838, -79.49783270683542 39.19206181208278, -79.49809323287667 39.19238422666564, -79.49839186725126 39.19275380583173, -79.49868658808413 39.1928722849982, -79.4992569391249 39.19310155062283, -79.49962281412434 39.19306446833122, -79.5 39.19288846198324, -79.5 39.22425000731688, -79.49993324849885 39.22439328703257, -79.4996685037076 39.22478861411531, -79.49924312974991 39.22531989432281, -79.49878192141728 39.22568202140559, -79.49844523391783 39.22588449223861, -79.49762062558574 39.2265734255709, -79.49715515475316 39.22692231723698, -79.49698097662844 39.22718357348657, -79.49664770475391 39.22772065577743, -79.49626714537953 39.22799746619364, -79.49579034954695 39.22820652765165, -79.49509508600636 39.22835254952645, -79.49479767350681 39.22851375890122, -79.49457494017383 39.22878692765079, -79.49422234850772 39.22907727140034, -79.49362007871696 39.22972005264933, -79.49315541413438 39.23011924744037, -79.49269075371842 39.2305184401481, -79.49211597871931 39.23111249743886, -79.49153816726187 39.23165901410465, -79.49100931726269 39.23201302556242, -79.49041003184698 39.23270333285302, -79.4900266214309 39.23298342764429, -79.48976489097976 39.23345887829709, -79.48955040003483 39.23410432025171, -79.48912357760756 39.23469687962202, -79.48870068804854 39.23510546960217, -79.48796632140946 39.23532597501575, -79.48752073449772 39.23587227923608, -79.48711985988966 39.2361737903184, -79.48678075661024 39.23635341323968, -79.48639957786865 39.23665517644103, -79.4860177438198 39.23698760728224, -79.48542516856065 39.23737980217209, -79.48536961307001 39.23743650298439, -79.48458630218904 39.23844123367825, -79.48411832836823 39.23910992091109, -79.48377821034761 39.2393355364331, -79.4834190423873 39.239530226985, -79.48295930415743 39.23981561610372, -79.48261885066758 39.24005655763151, -79.48237498560694 39.24039076997555, -79.48230549452215 39.24049445815744, -79.48213046523861 39.24075564266762, -79.48171014270055 39.2410415443578, -79.48126282716223 39.24140280624734, -79.48093612336919 39.2417454986179, -79.48078039227261 39.24193178957666, -79.48074391923133 39.24194909363495, -79.48009942748715 39.24256945665684, -79.47963767644417 39.24294682264502, -79.47929487676157 39.24329507642652, -79.47912886168739 39.24367630443668, -79.47896368433875 39.2439869388525, -79.47835634201637 39.2444790063854, -79.47803174190302 39.244644644974, -79.47736121832523 39.24509823954826, -79.47667342266357 39.24560526938584, -79.47639760022047 39.24594097852658, -79.47607813860748 39.24612083271591, -79.47590913271465 39.24623196651648, -79.4757580133524 39.2463313441277, -79.47508031723021 39.24665985666374, -79.47477923461838 39.24690128991815, -79.47469603694393 39.24709956744331, -79.47453298584391 39.24734280200464, -79.47450085375824 39.24758313266169, -79.47442542597328 39.24775546130055, -79.47428407625131 39.24790697110615, -79.47404014657354 39.24824116051565, -79.4738389758039 39.24842255555416, -79.47346039149646 39.2488178664384, -79.47293008227143 39.2497401206498, -79.47288096098171 39.24985156614009, -79.47275363682073 39.25))",55.129162919128945,3478.65,0.01584786135975995,108,0.6275752856645767
5658,39.21875,-79.40625,1982-07-03,43.55,1982,7,3,"POLYGON ((-79.4375 39.25, -79.375 39.25, -79.375 39.2036743875905, -79.37577815992714 39.20407391097635, -79.3770745350992 39.20457290576674, -79.37729127242281 39.20470897768072, -79.3777474559221 39.20485836769905, -79.37820693477819 39.20486477059117, -79.3786084380589 39.20472732374866, -79.37874809063399 39.20466018979678, -79.37947598069481 39.20431028158431, -79.38049065170496 39.20415751712924, -79.38131659970507 39.20421667783427, -79.38184061984191 39.20408092391282, -79.38212177225437 39.20384643126602, -79.38214495024523 39.2036222693802, -79.38216115400469 39.20346554585127, -79.38206120306336 39.20312907049021, -79.38199048928828 39.20289101888863, -79.3819783429348 39.20275152234833, -79.38191774866175 39.20205561776827, -79.38166402166497 39.20165882041293, -79.38153322953876 39.20145428007758, -79.38145945785635 39.20083755027313, -79.38172110069695 39.20037581858598, -79.38189158385008 39.20022471406713, -79.3824371670498 39.19994872824226, -79.38359936120119 39.19979021612885, -79.38531985090134 39.19966750074821, -79.38555599613774 39.19965065746049, -79.3864377760339 39.19982957315611, -79.38789458535494 39.20018312693292, -79.38863700270409 39.20004552755975, -79.38884456151921 39.20000705719277, -79.39022760905932 39.19959819297517, -79.39115983509926 39.19889925889274, -79.39172419059811 39.19824029696985, -79.39255416020808 39.19726770088616, -79.39270270959562 39.1969431165483, -79.39253544685164 39.19611605062484, -79.39192123360387 39.19496326286085, -79.39186177250974 39.19484308180892, -79.39174598703221 39.19426448410403, -79.39190934534058 39.19379141995694, -79.39241636880881 39.19330769081339, -79.39298220162156 39.19258115821457, -79.39406645378511 39.19190682638732, -79.3940789163069 39.19190618161905, -79.39516628174982 39.19184990449322, -79.39639372016491 39.19156046152801, -79.39764835392276 39.19141103909141, -79.3988150891301 39.19111622623735, -79.40013907232091 39.19058929652356, -79.40134148136252 39.1900606832638, -79.40216281756386 39.19018908541649, -79.40297335405276 39.19079488636923, -79.40442793484189 39.19124281175633, -79.40589882238798 39.19100165033365, -79.40762051978604 39.19045305155959, -79.40851809509465 39.18989765865303, -79.40981911172219 39.18903692344173, -79.41107742210257 39.18872071806651, -79.413005953078 39.1884631814157, -79.41480068290363 39.18874891716681, -79.41610588901243 39.18905050515829, -79.41722243131719 39.1896333369354, -79.41776128952843 39.19018294695888, -79.41800408262041 39.19046788002559, -79.41810324809897 39.19055054145669, -79.41835948417955 39.19076413722001, -79.41883856190407 39.19107951854303, -79.41923566153109 39.1910644276054, -79.41977207674989 39.19082959473239, -79.42036509856972 39.19052112567628, -79.42092898625296 39.1904225373126, -79.42159349359737 39.19069279615314, -79.42305164259589 39.19101890416145, -79.42377307879781 39.19082020797921, -79.42403391695781 39.19074837631434, -79.42506106233721 39.18986123022692, -79.42603066334028 39.18882914792057, -79.42743234810688 39.18756409503523, -79.42747787408399 39.1875, -79.42944201639423 39.1875, -79.43037652813554 39.18829309840154, -79.43146518552872 39.18873575653215, -79.43230634405786 39.18934176280853, -79.43307944508726 39.1902757338206, -79.43382296506978 39.19114171536366, -79.4349090772908 39.1917014367732, -79.43495252839092 39.1917039816348, -79.43495315651305 39.19170508579994, -79.4355455130945 39.19187310831413, -79.43622351911284 39.1919425582938, -79.43715488860272 39.19214529382044, -79.4375 39.19213212425878, -79.4375 39.25))",56.66822424303484,3478.65,0.01629029199345575,109,0.7094422038864915
6023,39.21875,-79.34375,1982-07-03,38.4,1982,7,3,"POLYGON ((-79.375 39.25, -79.3125 39.25, -79.3125 39.21052948513969, -79.31366177514894 39.21017395638822, -79.31494383565823 39.21016998581121, -79.31621894846266 39.21059330152361, -79.31651877353536 39.21069282991471, -79.31674851260024 39.21066165541976, -79.31795885702194 39.21049740078798, -79.31890689855429 39.21041647669541, -79.32011645504646 39.20962751651032, -79.32101955979489 39.20887917648317, -79.32216378513303 39.20827846460136, -79.32326428025971 39.20790139888934, -79.32353350339466 39.20795504506041, -79.32378327668583 39.20820718231227, -79.32378422459657 39.20820892397582, -79.32394055998425 39.20827640948807, -79.32455037572106 39.20873028745804, -79.32517054174475 39.2098509625603, -79.3255665966205 39.21081318040708, -79.32603711721518 39.21154097508269, -79.32707696710015 39.2122235521743, -79.32851683270893 39.21328941123682, -79.32997873669892 39.21342751977913, -79.3312531332151 39.21377917010181, -79.33220742707931 39.21438300769154, -79.33236573525448 39.21448438374518, -79.33419284685277 39.21469974900419, -79.33565925479306 39.21464863412384, -79.33722255544907 39.21438715332688, -79.33875831281367 39.21400360509993, -79.33983142276328 39.21380717009764, -79.34168841452846 39.2140453707676, -79.34254190219062 39.21410707841331, -79.34310455109477 39.21410124195938, -79.34364105307795 39.21409568462342, -79.34440610045625 39.21403898930213, -79.34520600922306 39.21376203109613, -79.34540188576314 39.21321969541525, -79.34523329533501 39.2126001030263, -79.3447012797991 39.21185819988867, -79.34486243364081 39.21150007718935, -79.34527400363103 39.21086620672975, -79.34568850213913 39.21013775319487, -79.34635510680171 39.2090299532185, -79.34702856462751 39.20766095290924, -79.34759222537242 39.20705174723005, -79.34863323909329 39.20692234633044, -79.34935718566371 39.20728851123899, -79.35044461452173 39.20780399619852, -79.35172001550275 39.20808334671614, -79.35312485440826 39.20805817328195, -79.35461781258572 39.20819640686403, -79.35512137967312 39.20829951062594, -79.35610689299887 39.208501263957, -79.35688082975882 39.20823254419485, -79.35755325787014 39.20799907832095, -79.35811632785339 39.20741233297446, -79.35847797981525 39.20630466988948, -79.35884853958505 39.2048141911624, -79.35877719408695 39.20393017670392, -79.35934974267688 39.202965132362, -79.36049954254288 39.20217251046692, -79.36052815621068 39.20215278452833, -79.36148721303638 39.20162115743236, -79.36242351397671 39.20072879582373, -79.36357333596162 39.19986645325939, -79.36456536109694 39.19919110262592, -79.36585129708797 39.19904246779696, -79.36690710288777 39.19957986930805, -79.36774614840942 39.20025839611142, -79.36864442501303 39.20100531972143, -79.36898188520041 39.20224895458387, -79.36942176819568 39.20303901373008, -79.37078634176549 39.20343653493075, -79.37082055956354 39.20342801105581, -79.37170715353953 39.20321064862399, -79.37293486293629 39.20292145365364, -79.37420871365019 39.20326812482803, -79.375 39.2036743875905, -79.375 39.25))",41.48230227130258,3478.65,0.011924827812887924,110,0.4579134062107395
6388,39.21875,-79.28125,1982-07-03,36.925,1982,7,3,"POLYGON ((-79.3125 39.25, -79.25 39.25, -79.25 39.1875, -79.29773527311482 39.1875, -79.29753639275195 39.18766157097258, -79.29651629819156 39.18819177705566, -79.29473308467634 39.1887378255148, -79.29334920561593 39.18916806666171, -79.29241285290715 39.18921930655381, -79.29236348732853 39.18919231696279, -79.29186742348291 39.18909147680981, -79.29115461990233 39.18895098743751, -79.29053345710386 39.18880710656816, -79.28981919946531 39.18864282247218, -79.28946417299663 39.18884654834785, -79.28940292686836 39.18934919261476, -79.28974753182398 39.18997984971565, -79.29062022037088 39.19073398863016, -79.29181450639156 39.19123797466877, -79.29244582367357 39.19154826237244, -79.2930493853091 39.19240763073326, -79.29403697861771 39.19353875419466, -79.29460942694587 39.194108322305, -79.29463256637082 39.19415150659603, -79.295241788588 39.19544437893847, -79.29554132918396 39.19694446368466, -79.29589651728168 39.19740016612442, -79.29727729210489 39.19839346050138, -79.29841511074733 39.19928858911411, -79.29935173183652 39.20096465992917, -79.30029526151857 39.20235699616435, -79.30124959649127 39.20327193587759, -79.30252139762386 39.20371846083764, -79.30389501351191 39.20393112102614, -79.30422371630176 39.20412800647113, -79.30422189520289 39.20536057483139, -79.30431778436646 39.2064296834167, -79.30523107450348 39.20782153735252, -79.30585278338816 39.20863699657462, -79.30671383245505 39.20964515047913, -79.30761826003285 39.21011330912558, -79.30845750544673 39.21076523171946, -79.30933275612506 39.21118339566946, -79.31061828394904 39.21103536613566, -79.31203127959195 39.21067292389512, -79.3125 39.21052948513969, -79.3125 39.25))",57.318400060545585,3478.65,0.01647719663103376,111,0.6084204730298182
6753,39.21875,-79.21875,1982-07-03,34.8,1982,7,3,"POLYGON ((-79.25 39.25, -79.1875 39.25, -79.1875 39.1875, -79.25 39.1875, -79.25 39.25))",62.48098451777894,3478.65,0.017961273631373936,112,0.6250523086684486
7118,39.21875,-79.15625,1982-07-03,29.9,1982,7,3,"POLYGON ((-79.1875 39.25, -79.125 39.25, -79.125 39.1875, -79.1875 39.1875, -79.1875 39.25))",62.48098451776222,3478.65,0.017961273631369127,113,0.5370420747262548
7483,39.21875,-79.09375,1982-07-03,32.3,1982,7,3,"POLYGON ((-79.125 39.25, -79.0625 39.25, -79.0625 39.1875, -79.125 39.1875, -79.125 39.25))",62.48098451777894,3478.65,0.017961273631373936,114,0.5801491245900139
7848,39.21875,-79.03125,1982-07-03,30.75,1982,7,3,"POLYGON ((-79.0625 39.25, -79 39.25, -79 39.20306192644207, -79.00014097677283 39.20289671388161, -79.00074984475133 39.20199717006222, -79.00138312163641 39.20120615617181, -79.00215765700541 39.20035900174445, -79.00287713741594 39.19946133705145, -79.00284657450224 39.19857333200157, -79.0025909518188 39.19781211838634, -79.0019008174242 39.19667855795404, -79.00128967505573 39.19569498669561, -79.00125299560889 39.19502312172765, -79.00182688544443 39.19438425436351, -79.00310169672019 39.19350062485256, -79.00412578195862 39.19265321930738, -79.00538221233188 39.19144488854641, -79.00632909447157 39.19035738989326, -79.00721486532896 39.18948507197458, -79.00866574350943 39.18828003073494, -79.00917953183253 39.18776623184564, -79.00940982822439 39.1875, -79.0625 39.1875, -79.0625 39.25))",61.594126739899956,3478.65,0.01770633054199185,115,0.5444696641662494
8213,39.21875,-78.96875,1982-07-03,31.325,1982,7,3,"POLYGON ((-79 39.25, -78.96979822181562 39.25, -78.97032265048499 39.24923207804253, -78.97069813876607 39.24856739974435, -78.97144048178151 39.2475622236354, -78.97145960790775 39.24753057159113, -78.97171707096011 39.24725242280136, -78.97209783129293 39.24680612626097, -78.97282732163926 39.2459606445901, -78.97361465514415 39.24523535522685, -78.97433381702299 39.24474725396597, -78.9754350727828 39.24376519378803, -78.97657583909137 39.24247390095919, -78.97702125500294 39.24190951917618, -78.97762875931301 39.24103804303696, -78.97786171972965 39.2403984493528, -78.97822544976806 39.23947506131687, -78.97865260320955 39.23865839269174, -78.97919950428441 39.23811069193073, -78.97928921184324 39.23799841703174, -78.97936796082233 39.2379529388658, -78.97992225342226 39.2374381109292, -78.98118847560866 39.23620139380628, -78.98240222787373 39.23502930788513, -78.98298942449054 39.23454125587092, -78.98347362731215 39.23411697160788, -78.98392900589083 39.23352173782128, -78.98445627975575 39.23277041261557, -78.98511348839985 39.23160177569034, -78.98573023055206 39.23066843722604, -78.98641959727203 39.22955279178437, -78.98695792496737 39.2286315649052, -78.98735547167945 39.2282239807794, -78.98805906171219 39.22751985513862, -78.98861292592487 39.22683566515228, -78.98918024532247 39.22615223659919, -78.98954060251749 39.22524350170567, -78.98989795329776 39.22463061087948, -78.99030790154067 39.22385100890964, -78.99053608673535 39.22329139528134, -78.99105066137406 39.22263136782135, -78.99154856416266 39.22172216705424, -78.99206777902484 39.22065599788924, -78.99269776592008 39.21925083977823, -78.99293358247863 39.21866489704156, -78.99296834959911 39.21803615687142, -78.99283054250424 39.21754866354799, -78.99277986209248 39.21736938387953, -78.9928230804246 39.21669561672194, -78.99329174430426 39.21589731262252, -78.99353916260783 39.21564123467287, -78.99410954753262 39.2152500022917, -78.99493346170131 39.21472663018584, -78.99572068071998 39.21430750476603, -78.99615226891083 39.21394781736059, -78.99638237023284 39.21352751381467, -78.99660229881745 39.21331892017675, -78.99703986686723 39.21254257859408, -78.99733059469268 39.21173668735906, -78.99720125929618 39.21104070496094, -78.99680428878635 39.21038967398609, -78.99654718239097 39.2100383670039, -78.99641140740721 39.20959454440317, -78.99652267504693 39.20881259510671, -78.99678299772705 39.20800618309766, -78.99700638295022 39.20745591531004, -78.99714012241688 39.20692663826041, -78.99721581739017 39.20635130622442, -78.99738050490572 39.20577750422999, -78.99763233667508 39.20529529768118, -78.99801032563455 39.20503280285312, -78.9983935239718 39.20476779552243, -78.9990133043825 39.20445407642315, -78.9994514588229 39.20370476916413, -79 39.20306192644207, -79 39.25))",9.776533228257032,3478.65,0.0028104388852736063,116,0.08803700022539042
8578,39.28125,-79.46875,1982-07-03,52.575,1982,7,3,"POLYGON ((-79.4375 39.28474025641766, -79.4375 39.25, -79.47275363682073 39.25, -79.47269883916212 39.25006388283197, -79.47253742387248 39.25023045561706, -79.47231586877538 39.25044225721914, -79.47211335739352 39.25068496807595, -79.47194994813482 39.2509435362206, -79.47168761260637 39.25121613847602, -79.47134772498673 39.25142637319315, -79.4710242318321 39.25179018424065, -79.47069906349444 39.25223065427016, -79.47047516230647 39.25254976470312, -79.47005038429108 39.25303493223389, -79.46990735326644 39.25326308808353, -79.46944413569898 39.25370173911747, -79.46915651412311 39.25377578818605, -79.46904740967477 39.25380387220792, -79.46838899610727 39.2541479358559, -79.46799939251063 39.25446448037243, -79.46778415955349 39.25456647631625, -79.4668749022143 39.25515082056754, -79.46593824646568 39.25592060654785, -79.46514258701909 39.25660862968268, -79.46450946036894 39.25721822957367, -79.46390040795184 39.25773060813371, -79.46383232231052 39.25776849948141, -79.46357293501916 39.25790309623245, -79.46305149451651 39.25829494744808, -79.46257049274227 39.25864131876411, -79.46231095292684 39.25896224270832, -79.46178318332846 39.25931753056567, -79.46100840319478 39.25995514467905, -79.46073457655997 39.26041592728112, -79.46054650699107 39.26104449566298, -79.45995509091539 39.26161646463153, -79.45903100846144 39.26222465885986, -79.45881611355153 39.26253297984658, -79.45853227882364 39.26288194321495, -79.45828587520113 39.2633234186931, -79.45795989947334 39.2637945126321, -79.45763762311019 39.26409695325292, -79.45737407305614 39.26433609533815, -79.45729532367679 39.2644470238116, -79.45646451506913 39.26517674890253, -79.45575364518801 39.26592884494416, -79.45575235038953 39.26593064597459, -79.4555771387589 39.26629333240835, -79.4551879260043 39.26694760764607, -79.45482550052552 39.26728017827607, -79.45446307296271 39.26761275515867, -79.4540675644195 39.26780374935046, -79.45384075721552 39.26801247604593, -79.45368308691393 39.26809314099524, -79.4533627878502 39.26830359147747, -79.45310031583823 39.26857614175746, -79.45295517519935 39.26889626284429, -79.45289683714125 39.26908110349954, -79.45267901937957 39.26935603614127, -79.45237810205901 39.26981234378995, -79.45208039765554 39.27009616271065, -79.4517978484815 39.27038378789096, -79.45139459881054 39.27077715401205, -79.4512708490201 39.27102088176995, -79.45092844340225 39.27133837128948, -79.45054894838302 39.27154801960834, -79.45028578775052 39.27185123329704, -79.45008380870958 39.2720632444133, -79.44974004460715 39.27244206072256, -79.44937215185406 39.27301991873086, -79.4491875288399 39.27333950956523, -79.44874242569757 39.27383966053653, -79.44833373853889 39.27422044236374, -79.44825283413773 39.27424971083414, -79.44756614707499 39.27478886121763, -79.44694077471644 39.27532883879192, -79.44650464914089 39.27563293137595, -79.44606535029824 39.27608001909861, -79.4457222573139 39.27633767561106, -79.44553143118681 39.27664503838918, -79.44534270216772 39.27685707454955, -79.44515502639005 39.27702144635949, -79.44475006759771 39.27730211308101, -79.44443657143121 39.27760783712754, -79.44403266483791 39.27784083116878, -79.44353148455808 39.27831092286856, -79.4434357985473 39.27847652608057, -79.44330680697419 39.27876087137518, -79.44332850685505 39.27882877004253, -79.44342155321931 39.27912000316911, -79.44332058745709 39.27952391981039, -79.44297588491733 39.2798530666227, -79.44259998434009 39.28020563514928, -79.44240701422447 39.28060831831874, -79.44193858527676 39.28098348867582, -79.44148524203885 39.28124956166719, -79.4408954104711 39.28174319585247, -79.43985951679504 39.28255721529933, -79.43878905371336 39.28361104294364, -79.4376899002006 39.28455800753355, -79.4375 39.28474025641766))",9.590352141766862,3478.65,0.0027569178105779145,97,0.14494495599449522
8943,39.28125,-79.40625,1982-07-03,48.375,1982,7,3,"POLYGON ((-79.40109073668286 39.3125, -79.375 39.3125, -79.375 39.25, -79.4375 39.25, -79.4375 39.28474025641766, -79.43702539728645 39.28519573679454, -79.43652744822496 39.28567414312162, -79.43603597096369 39.28618837950305, -79.43555709201944 39.28654786768242, -79.43480249575067 39.28737210532935, -79.43424196034995 39.28774599540947, -79.4334302425487 39.28837874639105, -79.43274064368562 39.28903696724304, -79.432179565513 39.28943468431314, -79.43176916860605 39.28995361979982, -79.43136926028417 39.2904632647256, -79.43126074836339 39.29056057556479, -79.43104780809787 39.2906590862408, -79.43048670804612 39.29105678666198, -79.43005094291543 39.29133699199092, -79.42952049604931 39.29173509975653, -79.42930154201044 39.29192286730454, -79.42892496947431 39.29229921707446, -79.42817715832734 39.29281358857118, -79.42774190158578 39.29306993986057, -79.42696606671198 39.29346473063244, -79.42606700027544 39.2938816857104, -79.42572427815453 39.29411544870987, -79.42528473239138 39.29456245641936, -79.42501651545349 39.29486939211225, -79.42486813888712 39.29495703419991, -79.42404978815722 39.29540699760206, -79.42323121126172 39.29590637120229, -79.42264009155384 39.29664034094149, -79.42204889792967 39.29735628160606, -79.42084279011371 39.29823507795138, -79.41994717825291 39.29890406842288, -79.41895230585534 39.29953612247696, -79.41810290875517 39.30017010903237, -79.41778902001647 39.30040439503158, -79.41695671032336 39.30108887723269, -79.41621659773844 39.30175635235941, -79.4157198417102 39.30208565956331, -79.41516823985944 39.30236367838409, -79.41442505317529 39.30266346455529, -79.41379757325166 39.30327474011997, -79.41363989015908 39.30346330468461, -79.41310280503451 39.30414732901623, -79.41257108301214 39.3045930273444, -79.4120985577493 39.30513488678717, -79.41156683364103 39.30558057991792, -79.41118955788849 39.30598069950521, -79.41059269155981 39.30659236994605, -79.40996891308933 39.30703679943477, -79.40953188426258 39.30736458386029, -79.40890592742198 39.30790433064339, -79.40831334282215 39.30832533425244, -79.40784832673199 39.30853353376479, -79.40719654224496 39.30885836168778, -79.40645217625364 39.30920576647895, -79.40548764462018 39.30978853662406, -79.40474001680172 39.31027892100771, -79.4040575176615 39.31060330933381, -79.40349718642442 39.31095321646035, -79.40293467890044 39.31139844921476, -79.40225053582344 39.31179432786786, -79.40122403419561 39.3124000510153, -79.40109073668286 39.3125))",54.84700684660105,3478.65,0.015766750563178545,98,0.7627165584937621
9308,39.28125,-79.34375,1982-07-03,44.85,1982,7,3,"POLYGON ((-79.375 39.3125, -79.3125 39.3125, -79.3125 39.25, -79.375 39.25, -79.375 39.3125))",62.53669530350162,3478.65,0.017977288690584455,99,0.8062813703415472
9673,39.28125,-79.28125,1982-07-03,46.625,1982,7,3,"POLYGON ((-79.3125 39.3125, -79.25 39.3125, -79.25 39.25, -79.3125 39.25, -79.3125 39.3125))",62.53669530350162,3478.65,0.017977288690584455,100,0.8381910851985003
10038,39.28125,-79.21875,1982-07-03,40.3,1982,7,3,"POLYGON ((-79.25 39.3125, -79.1875 39.3125, -79.1875 39.25, -79.25 39.25, -79.25 39.3125))",62.53669530351836,3478.65,0.017977288690589267,101,0.7244847205151647
10403,39.28125,-79.15625,1982-07-03,39.3,1982,7,3,"POLYGON ((-79.1875 39.3125, -79.125 39.3125, -79.125 39.25, -79.1875 39.25, -79.1875 39.3125))",62.53669530350162,3478.65,0.017977288690584455,102,0.7065074318243862
10768,39.28125,-79.09375,1982-07-03,41.675,1982,7,3,"POLYGON ((-79.125 39.3125, -79.0625 39.3125, -79.0625 39.25, -79.125 39.25, -79.125 39.3125))",62.53669530351836,3478.65,0.017977288690589267,103,0.749203492464725
11133,39.28125,-79.03125,1982-07-03,36.3,1982,7,3,"POLYGON ((-79.0625 39.3125, -79 39.3125, -79 39.25, -79.0625 39.25, -79.0625 39.3125))",62.53669530351836,3478.65,0.017977288690589267,104,0.6525755657528076
11498,39.28125,-78.96875,1982-07-03,37.25,1982,7,3,"POLYGON ((-79 39.3125, -78.9375 39.3125, -78.9375 39.27166534504968, -78.93789263127815 39.27132784039368, -78.9385310835202 39.27041410164108, -78.93899736632186 39.26970608671494, -78.93942861691264 39.26920466305372, -78.94012829331817 39.26864042546827, -78.94092182125323 39.26793818384588, -78.9414153327169 39.26731597283646, -78.94167220070743 39.26715467374205, -78.94198428953776 39.2669694777189, -78.94251232085814 39.26674043137259, -78.94292815336989 39.26652631125356, -78.94322338428299 39.26647424621065, -78.94434404597999 39.26575523835866, -78.9453089005036 39.26528574274419, -78.94621700557995 39.26472513598892, -78.94682953703327 39.26442980420983, -78.947486466215 39.26436712494035, -78.94853258629037 39.26451449339002, -78.9489693538617 39.26457463510637, -78.94954098469026 39.26463714842815, -78.95041719735903 39.26466568935555, -78.95111064627615 39.26459922877305, -78.95178456978897 39.26462419614644, -78.9527128805186 39.26460119125534, -78.95369558134925 39.2644480240527, -78.95445874299486 39.26430410413405, -78.95555705430564 39.26365472949566, -78.956493246185 39.26277960985226, -78.95697590525224 39.26242096909377, -78.95778721499639 39.26177964708105, -78.95825452746374 39.26136828355481, -78.95923501158506 39.26012680527649, -78.960207480847 39.25916051180638, -78.96085282259436 39.25842448408103, -78.96159079288968 39.25777601430865, -78.96227344782854 39.25731292130822, -78.96321568990376 39.25659061692584, -78.96419084805228 39.25575624085652, -78.96556667439452 39.25441530993609, -78.96728632036094 39.25250373379404, -78.96802068678269 39.25177774753248, -78.96897011860661 39.25077620730317, -78.96973283368938 39.25009574796503, -78.96979822181562 39.25, -79 39.25, -79 39.3125))",56.33854716333418,3478.65,0.01619552043560984,105,0.6032831362264666
11863,39.28125,-78.90625,1982-07-03,33.65,1982,7,3,"POLYGON ((-78.9375 39.3125, -78.89827955661224 39.3125, -78.89934557319363 39.31150497660829, -78.90063181422937 39.31025782802691, -78.90173212085867 39.30926408859676, -78.90264530538167 39.30856427593634, -78.90422715901848 39.30738998181977, -78.90454901735724 39.30709208708848, -78.90466154564869 39.30702567660638, -78.90551859241667 39.30658221971447, -78.90617126418809 39.30620063599265, -78.90712043091116 39.30549660243568, -78.90794900107984 39.30496569163144, -78.90837835745221 39.30480681720565, -78.9090945827115 39.30472959307879, -78.90930611379102 39.30469518753959, -78.90946157430957 39.3046264707293, -78.90977320588638 39.3044651986202, -78.91024383609665 39.30411607767498, -78.91059534526123 39.30364562598829, -78.91091547414543 39.30319844618393, -78.91129977007758 39.30265707063744, -78.91187301237363 39.30195220551553, -78.91257668704471 39.30098746261025, -78.91317843098396 39.30035462851716, -78.91338044938642 39.30015511295706, -78.9136992188605 39.2999114420633, -78.91456039752657 39.29932377298785, -78.91507103075595 39.29917558796141, -78.91550875691486 39.29920964953438, -78.91596140458289 39.29930953488621, -78.91651913399056 39.29928018595485, -78.91689523002725 39.29911647414141, -78.91761833962818 39.29863119676499, -78.91799774835212 39.29802525470599, -78.91828478991405 39.29774765895036, -78.91843382726201 39.29752515916979, -78.91858593129439 39.29729807085204, -78.91883756791175 39.2967781288439, -78.91919544270947 39.29608964847293, -78.9196612686771 39.29574397856687, -78.92009763189503 39.29525355904868, -78.92095230502565 39.29431172620752, -78.92166622947845 39.29356403486207, -78.92204925376619 39.29316443398904, -78.92256001490648 39.29243933152763, -78.9230025333252 39.29173923643305, -78.92327988702559 39.29091818881044, -78.92337466365539 39.29056588109734, -78.92357681302833 39.29000571635828, -78.92383071354378 39.28940713702285, -78.92401112960977 39.28844013992136, -78.92421714109493 39.28774893172354, -78.92438825973539 39.28709642767182, -78.9243332504045 39.28690307301198, -78.92423451485377 39.28655602920477, -78.92392428629611 39.28593504789318, -78.92340590859246 39.28522238177977, -78.92338864019985 39.28495461263316, -78.9234634444523 39.28470683596996, -78.92379311521222 39.28439805686622, -78.92441795040993 39.28380608929213, -78.92514278520594 39.2832552380957, -78.92570015593805 39.28266206232173, -78.92575873888048 39.28251262921528, -78.92589602477982 39.28216245995514, -78.925183619888 39.28154274400818, -78.92486454896918 39.28126768484137, -78.92480098783496 39.28102292719067, -78.92509276863206 39.28059510572324, -78.92575964884379 39.28014298774637, -78.92642579338316 39.27974041549079, -78.92670735467063 39.27925889833197, -78.92663594535368 39.27865848734122, -78.92691277654312 39.27836158539517, -78.92753892783658 39.2782826353952, -78.92805393157828 39.27796745698424, -78.92871799670544 39.27760988150385, -78.92931861946941 39.27741333807148, -78.92997940891375 39.27719084249745, -78.93045921918797 39.2770371939945, -78.93105161347215 39.27711980827491, -78.93138165506787 39.27700853184268, -78.93231294036256 39.27667821515256, -78.93315992663456 39.27618420316622, -78.93361899032573 39.27577063446201, -78.93368648589622 39.27558930661825, -78.93355140685458 39.27499286344898, -78.9335650326757 39.27482379714083, -78.93390770319542 39.27433828716075, -78.93438734286394 39.27392746840942, -78.93549299725018 39.27366233039475, -78.93626051730439 39.27351943234553, -78.93648299821037 39.27329270951029, -78.9363857850707 39.27262338309882, -78.93652923392655 39.27237878962527, -78.93723507142286 39.27189307685117, -78.9375 39.27166534504968, -78.9375 39.3125))",11.866202472898449,3478.65,0.0034111515883743547,106,0.1147852561538013
12228,39.34375,-79.40625,1982-07-03,49.925,1982,7,3,"POLYGON ((-79.375 39.33686385400441, -79.375 39.3125, -79.40109073668286 39.3125, -79.40053715851751 39.31291508333083, -79.40026215582299 39.31333830615225, -79.39992926077315 39.31357215472264, -79.39973060166756 39.31371026637655, -79.39951289236852 39.31390892982904, -79.3990050916986 39.31415750208013, -79.39860245293129 39.31431883317421, -79.3981368253089 39.31455082430398, -79.39788704201044 39.3147380992296, -79.39769751496799 39.31497388235569, -79.39722916412069 39.31532502610118, -79.39698154148348 39.3154169701926, -79.39654059866427 39.31591152586221, -79.39585202278917 39.31649801104906, -79.39547564352858 39.31703946869164, -79.39453171330321 39.3178918326602, -79.39345920366843 39.31872933822289, -79.39259227969011 39.31964467809447, -79.39164014325665 39.32046855264574, -79.39014342844101 39.32134005658636, -79.38964236667979 39.32185300175927, -79.38955678379524 39.32201330827698, -79.38923847455267 39.3225095235299, -79.38895303749716 39.32291084547278, -79.3884801965531 39.32345260203105, -79.38806708159397 39.3240667021098, -79.38747149976106 39.324606752298, -79.38694036907833 39.3247504302639, -79.38680278418774 39.3248357255856, -79.38625784633123 39.32532894583041, -79.3860047001472 39.3256591837531, -79.38577949746745 39.3261090087107, -79.38540196541759 39.32650903579222, -79.38508798374657 39.32681459146517, -79.38486551887604 39.32714525651181, -79.38439427081593 39.32761549883255, -79.38398658667644 39.32799126141104, -79.3837635488253 39.32834575449032, -79.38350874099199 39.32874748067468, -79.38309939103848 39.32919474400621, -79.3824933609103 39.32986769578214, -79.3822206384376 39.33027513651722, -79.38162149253922 39.33100920056263, -79.38084579289155 39.33183541717866, -79.37942041807705 39.3329832141083, -79.37881162780761 39.33354204452634, -79.37809413182441 39.33420400462825, -79.37776956994648 39.33449531873392, -79.37771960825008 39.3345452330629, -79.3774464592892 39.33471827374656, -79.37669726563561 39.33525612809041, -79.37625880016419 39.33563144591536, -79.37575730103794 39.33607738839455, -79.37531662906353 39.33654801729773, -79.375 39.33686385400441))",4.908353737159142,3478.65,0.0014109938444969,87,0.07044386661000486
12593,39.34375,-79.34375,1982-07-03,46.525,1982,7,3,"POLYGON ((-79.33369067459974 39.375, -79.3125 39.375, -79.3125 39.3125, -79.375 39.3125, -79.375 39.33686385400441, -79.37484524764673 39.33701821909353, -79.3741283531982 39.33748498941609, -79.37375234735524 39.33781348459619, -79.37322123369931 39.33821132830646, -79.3727459643372 39.33884833882283, -79.37243021995693 39.33922535158551, -79.37206486868949 39.33980575827879, -79.37144271021002 39.34013679698065, -79.37064590356795 39.34081505704994, -79.37025198051748 39.34133415147916, -79.36954702010279 39.34193709320412, -79.36857280615087 39.34246890372094, -79.36808197901922 39.34287109750205, -79.36783006673294 39.34297518643956, -79.36723583711517 39.34344363195279, -79.36673700182652 39.34377037707787, -79.36633244719928 39.34400309349706, -79.36583471307756 39.34428217006744, -79.36564390462388 39.34456555836064, -79.36532975625551 39.34487105374819, -79.36511213359502 39.34498719267805, -79.36473326387787 39.3454348124523, -79.36407537240611 39.34599770444596, -79.36376066251349 39.3463270257917, -79.3635106698023 39.34651422796186, -79.36303915190034 39.34698437258103, -79.36265525348134 39.34764646861515, -79.36246497112886 39.34790602576914, -79.36195940069145 39.34851872710757, -79.36177468801647 39.3488262632499, -79.36143940504518 39.34919828234705, -79.36061528911958 39.35020177149541, -79.35977829529629 39.35150295741489, -79.35919078160708 39.3522494446657, -79.35885044817675 39.35278979959018, -79.35850275253428 39.3532139945446, -79.35787599554646 39.3537534513336, -79.35722244310365 39.35412565041868, -79.35718210964058 39.35414060553727, -79.35685073982492 39.35426343709214, -79.35650916467452 39.35442548619773, -79.35622786869786 39.35463606849963, -79.35597614974378 39.35489474230866, -79.35575568612948 39.35513001727503, -79.35554259940987 39.35544305445082, -79.35517518366342 39.35596659799445, -79.35427975006891 39.35688272922079, -79.35275967579841 39.35807308603429, -79.35203845554665 39.35881492747144, -79.35143016746582 39.35930392100168, -79.35006794209447 39.36025097475886, -79.349108285049 39.36091276948933, -79.34851660331655 39.36137617461609, -79.34827566060348 39.3615653258179, -79.34730149510037 39.36225915273754, -79.34621432646546 39.36285807369642, -79.34505707462577 39.36373901857512, -79.34466303532854 39.36446964892897, -79.34464100510313 39.36523935335413, -79.34442256698455 39.36567642242194, -79.34396058968284 39.36614642349977, -79.34338947067195 39.36653892271322, -79.34246061366257 39.36720326861328, -79.34136725934744 39.3678874820564, -79.34090377168282 39.36833370303961, -79.340511286531 39.36906887301544, -79.33986996232815 39.36978174709067, -79.33966137589161 39.36998498892721, -79.33949226317357 39.37031139388169, -79.33892717716716 39.37082778436079, -79.33817051489808 39.37165134757293, -79.33763724575408 39.37212050596677, -79.33752984948785 39.37219033273279, -79.33725370117425 39.37249108772865, -79.33608201589369 39.37338132757043, -79.33563957629836 39.37378394877793, -79.33518864499527 39.37419428870672, -79.3346758995397 39.3743913699957, -79.33422706110943 39.37474169139854, -79.33382336697727 39.37492661967308, -79.33369067459974 39.375))",50.061519948469424,3478.65,0.014391076983447436,88,0.6695448786139327
12958,39.34375,-79.28125,1982-07-03,47.625,1982,7,3,"POLYGON ((-79.3125 39.375, -79.25 39.375, -79.25 39.3125, -79.3125 39.3125, -79.3125 39.375))",62.592580072368165,3478.65,0.01799335376435346,89,0.8569334730273335
13323,39.34375,-79.21875,1982-07-03,42.925,1982,7,3,"POLYGON ((-79.25 39.375, -79.1875 39.375, -79.1875 39.3125, -79.25 39.3125, -79.25 39.375))",62.592580072384926,3478.65,0.017993353764358278,90,0.7723646966072396
13688,39.34375,-79.15625,1982-07-03,42.675,1982,7,3,"POLYGON ((-79.1875 39.375, -79.125 39.375, -79.125 39.3125, -79.1875 39.3125, -79.1875 39.375))",62.592580072368165,3478.65,0.01799335376435346,91,0.7678663581659444
14053,39.34375,-79.09375,1982-07-03,43.575,1982,7,3,"POLYGON ((-79.125 39.375, -79.0625 39.375, -79.0625 39.3125, -79.125 39.3125, -79.125 39.375))",62.592580072384926,3478.65,0.017993353764358278,92,0.7840604040097514
14418,39.34375,-79.03125,1982-07-03,42.15,1982,7,3,"POLYGON ((-79.0625 39.375, -79 39.375, -79 39.3125, -79.0625 39.3125, -79.0625 39.375))",62.592580072384926,3478.65,0.017993353764358278,93,0.7584198886233804
14783,39.34375,-78.96875,1982-07-03,34.525,1982,7,3,"POLYGON ((-79 39.375, -78.9375 39.375, -78.9375 39.3125, -79 39.3125, -79 39.375))",62.592580072368165,3478.65,0.01799335376435346,94,0.6212205661699821
15148,39.34375,-78.90625,1982-07-03,33.475,1982,7,3,"POLYGON ((-78.9375 39.375, -78.875 39.375, -78.875 39.32493489373493, -78.87500786350621 39.32493503742393, -78.87530797383769 39.3250585146858, -78.87582384463512 39.32530392979233, -78.87653085781835 39.3253692751551, -78.87735834416529 39.32535814962911, -78.87827336220387 39.3252437283397, -78.87888310855578 39.32517618252984, -78.87949403741348 39.32506931701669, -78.87997558539558 39.32511800035207, -78.88062768875231 39.32528035601356, -78.88118736301702 39.32545415453498, -78.8817252753559 39.32552950228383, -78.88241779316513 39.32551588535691, -78.88312916442867 39.32543705187733, -78.8835713800066 39.325327099196, -78.88406381001653 39.32523116513558, -78.88432871076738 39.32521316883367, -78.88454484002121 39.32532974731551, -78.88484571095211 39.32561248670957, -78.88529610619223 39.32579111459746, -78.88563195746465 39.32584965860769, -78.88640766034796 39.32587686330157, -78.88705035754612 39.32583609028319, -78.88722154219863 39.32573900580225, -78.88745254465594 39.32560799836753, -78.88771836575644 39.32529548190881, -78.88815922060859 39.32447459128353, -78.88853866360382 39.32374270473789, -78.88927320590817 39.32303975598285, -78.88934815125887 39.32291601341494, -78.89009790314913 39.32216789077559, -78.89123741946831 39.32075945536202, -78.89220346644061 39.31950519909319, -78.89253894566619 39.31901306103657, -78.89266328835093 39.31840234345153, -78.89281465775248 39.31804502731472, -78.89331359138986 39.31726572710269, -78.89354250402434 39.31698154398113, -78.8940860078302 39.3163111673903, -78.89491024990014 39.31560981220326, -78.89568275800539 39.31465073895789, -78.89678184990177 39.31370208068184, -78.89815244415182 39.31261864718964, -78.89827955661224 39.3125, -78.9375 39.3125, -78.9375 39.375))",58.98185136987012,3478.65,0.0169553853850977,95,0.5675814998942806
15513,39.34375,-78.84375,1982-07-03,40.3,1982,7,3,"POLYGON ((-78.875 39.375, -78.81285977063324 39.375, -78.81298574866045 39.37493621362589, -78.81336379080319 39.37462567926097, -78.81363758371492 39.37437671057464, -78.81389439086607 39.37401624426506, -78.81420858675705 39.37378392233779, -78.81441606835331 39.37369252528295, -78.81466196921222 39.373681260259, -78.81490788152929 39.3736700004434, -78.81515626099487 39.37357937830901, -78.81548694879646 39.37347441230184, -78.81571289977434 39.37344689318718, -78.81596424648282 39.37326102127019, -78.81607030697575 39.37305970695691, -78.81621103142328 39.37295565068334, -78.81622393914188 39.37254145892053, -78.81626883163763 39.37205578809771, -78.81660873793616 39.37164773111582, -78.81692046956634 39.37118959930456, -78.8175562626045 39.37085466033884, -78.81804914873111 39.37030982213589, -78.81853405816639 39.37004412600271, -78.81943807393141 39.3696916834423, -78.81998253866261 39.36940007579782, -78.82050149576934 39.36899536638297, -78.82057313972363 39.36860479424388, -78.82069305527038 39.36825225942392, -78.8207900122745 39.36811042519631, -78.82111204924458 39.36762411113813, -78.8213638595676 39.367422354881, -78.82176374879714 39.36706455391546, -78.82231220452537 39.36653482702748, -78.82267610933344 39.36601753171134, -78.82281754301151 39.36541666097228, -78.82304373549286 39.3647220704992, -78.82330686153517 39.36415523694856, -78.82360891631085 39.36365266359007, -78.82390948642364 39.36319770574785, -78.82422606815381 39.36288597566521, -78.82448031122651 39.36260486021302, -78.82479934759445 39.36221376781101, -78.82497425894859 39.36185174853219, -78.8250863492601 39.3615362042644, -78.82532112275101 39.3612229482991, -78.82559383312064 39.36100569099542, -78.82578278487941 39.36085039828984, -78.82585052874245 39.36064520489019, -78.82609120336566 39.36014147123347, -78.82619569603256 39.35978122187599, -78.82642495233945 39.35938045154194, -78.82679378950358 39.35901794543554, -78.82710259760192 39.35864982174822, -78.82744097855004 39.35828676465928, -78.82789465851269 39.35806547993572, -78.82826485231986 39.3576354333589, -78.8283653318923 39.35737375773666, -78.82842991249831 39.35729459008996, -78.82853755923787 39.35712189653787, -78.82876983952951 39.35688800080749, -78.8290186409147 39.35678146516483, -78.82943198290161 39.3566462417751, -78.82992367620621 39.35662365130617, -78.83027126325733 39.35663013396103, -78.83077898798099 39.35675077646052, -78.8311430940463 39.35688461712, -78.83153058710791 39.35692360587294, -78.83191956170131 39.35691496973413, -78.83226911475366 39.3568579577418, -78.83254080303607 39.35667243369785, -78.83269522375701 39.35631002383204, -78.83286810970064 39.35601148253188, -78.83293801578291 39.355850371316, -78.83324257918288 39.3554623570564, -78.83331913549692 39.35490969674113, -78.83327750876563 39.35433230962582, -78.83338169484958 39.35384773764054, -78.83351128840387 39.35350328298814, -78.8337618551147 39.35309351784031, -78.83375077433476 39.35248967239491, -78.83376363824691 39.35207332334146, -78.833866663782 39.3519618598629, -78.83460839393491 39.35199392295403, -78.83493306074031 39.35207937525938, -78.83531807831964 39.35219771695608, -78.83561986031201 39.3523621524544, -78.83606524220851 39.35251337625085, -78.83638844832046 39.35264644407314, -78.83683628172639 39.35271830555005, -78.8371025543838 39.3527073675668, -78.83737373317962 39.35253770702741, -78.83760450483037 39.35235140702069, -78.83794092386979 39.35205589977477, -78.83819556593322 39.35175887185527, -78.83863323464688 39.35149700079561, -78.83900337533653 39.35140879821035, -78.83908145021555 39.35141306159287, -78.83990860232343 39.35159059709848, -78.84043769792798 39.35169648021577, -78.8406237817254 39.35175604742973, -78.84087694284605 39.35176074381002, -78.84115262792955 39.35158231244864, -78.84131541728715 39.35123134212134, -78.84167433962757 39.35054313262088, -78.84204529227613 39.35001247064708, -78.84212812424759 39.34951579976986, -78.84227328023407 39.34864006715584, -78.84247545393717 39.34810627738663, -78.84293157744322 39.34755096947315, -78.84325147173575 39.34703247110942, -78.84362843904648 39.34630525437197, -78.84382097142158 39.3455352860035, -78.84397491334617 39.34492193296927, -78.84408144761424 39.34420281256353, -78.84455404399912 39.34311026420029, -78.8450909355889 39.34157313549751, -78.84524728819898 39.34108970611401, -78.84542682452758 39.34053460497777, -78.8456758846537 39.34016982514035, -78.84583662110454 39.33977638095561, -78.84582996476865 39.33961369176343, -78.84585242745644 39.33957626368242, -78.84592106520199 39.33933930056022, -78.84615859121872 39.33893076147149, -78.84637518592177 39.33853771822008, -78.84665310136727 39.33814580297333, -78.84697434325044 39.33767527532613, -78.84733304693036 39.33731662234673, -78.84752625881553 39.3370184299609, -78.84774187728533 39.33665712830375, -78.84793460678507 39.33637481296511, -78.84806309207607 39.33618660586438, -78.84817747233465 39.3357916617712, -78.84842325405464 39.33511326912622, -78.84874787051857 39.33453163131315, -78.84900482650966 39.33415520044453, -78.84913623421843 39.33387175293423, -78.8493917284747 39.33354293966593, -78.84962531519496 39.33326138466315, -78.84977618102151 39.3330100505823, -78.84990952450805 39.33266310425729, -78.8499376438548 39.33255309300055, -78.85008240032107 39.33230039747618, -78.85045302220762 39.33184775094062, -78.85065459400765 39.33109017835491, -78.850975875023 39.33033029200255, -78.85146461429639 39.32990235247344, -78.85164867716594 39.32979275029077, -78.85185213751441 39.32975421040569, -78.85215543176534 39.32977291811231, -78.85252381192188 39.32987149425831, -78.85342609221389 39.33017658139824, -78.85385835805569 39.33039432693653, -78.85439386682634 39.33054842450754, -78.85495065556005 39.3305586900799, -78.85565506507334 39.33035997252001, -78.85583562855345 39.33032589516856, -78.85631486138878 39.33011183849376, -78.85689652137354 39.32986033379207, -78.85752639749896 39.32968838714629, -78.85808437811801 39.3296593246823, -78.85842647495915 39.3295795992093, -78.85873321102049 39.32957234342791, -78.8592707855808 39.32951465815277, -78.85943487156136 39.32900863609369, -78.85932659245371 39.32865977565247, -78.85931089197021 39.32820000070699, -78.85933188950671 39.32807855094816, -78.8594025609534 39.32795295110337, -78.85959454622544 39.32774670642045, -78.85990223711937 39.32762126028588, -78.86014203846015 39.32750767258776, -78.86045371967541 39.32725118612414, -78.86071635560074 39.32727793764008, -78.86091163277148 39.32739605469887, -78.86158800528911 39.32766075070057, -78.86235266606181 39.32795410063287, -78.8627686091679 39.32796174043991, -78.86360051504452 39.3279995387517, -78.86416930024293 39.32789285561272, -78.86423927084469 39.32754727398673, -78.86439836943245 39.32720332031042, -78.86461893913828 39.32679293125287, -78.86504956606028 39.32634134501134, -78.86556942215793 39.32586436594817, -78.86616226980695 39.32594280212528, -78.86683928112258 39.32616243781359, -78.86742296980012 39.32654253268544, -78.86794720661747 39.32689900793492, -78.86800857717152 39.32693285253011, -78.8682544541777 39.32706848715979, -78.86849938001585 39.32704137633448, -78.86866280558979 39.32689675239617, -78.86897497016334 39.32681756239524, -78.869822132005 39.32671507975169, -78.8704636539956 39.32671370977013, -78.87115061662992 39.32688360701344, -78.87133965913753 39.32705683020748, -78.87140045873809 39.32711254558666, -78.87154480883169 39.32724481375307, -78.87226512863784 39.3274284254841, -78.87261586181121 39.32755283597998, -78.87276730942014 39.32756871690184, -78.87297414219472 39.32742827724508, -78.87310784445455 39.32717474944864, -78.87320698077411 39.32698676323398, -78.87342056241502 39.32667364375478, -78.87370162054832 39.32626159729088, -78.87409563025406 39.32572397694118, -78.87447709904686 39.32542826126491, -78.87483885856383 39.32493194921489, -78.875 39.32493489373493, -78.875 39.375))",29.79999718117365,3478.65,0.008566540807834548,96,0.34523158801998033
15878,39.40625,-79.34375,1982-07-03,45.575,1982,7,3,"POLYGON ((-79.3125 39.39010579162539, -79.3125 39.375, -79.33369067459974 39.375, -79.33298298463035 39.37539136024448, -79.33257530982978 39.37574310251024, -79.3323632315827 39.37599411712169, -79.3320328124659 39.37662120220401, -79.33142671531776 39.37736422839633, -79.33114895672686 39.37760882425246, -79.33077042059156 39.37793814058901, -79.33000061934078 39.37851620479901, -79.328855487013 39.37909465736428, -79.32742094507825 39.37989560484785, -79.32644662199677 39.3802798498802, -79.32573123704684 39.38065098155504, -79.32494759803888 39.38130719137536, -79.32469737820249 39.38149429893352, -79.32395016436048 39.38173587272641, -79.32250849207036 39.3825773972362, -79.32190551462892 39.38296151437124, -79.32164404439008 39.38328588708702, -79.32145464754105 39.38349770085119, -79.3209257507652 39.38377613714495, -79.32024215558938 39.38410000863102, -79.3201149124892 39.38413553240854, -79.31923678195633 39.38465338856414, -79.31853625051552 39.38489101659962, -79.31766555225325 39.38504050423685, -79.3164931408712 39.38516032204966, -79.31571862551569 39.38554651935268, -79.31535317116858 39.38606301015366, -79.31478222198793 39.38680010429263, -79.31456645196991 39.38783931736624, -79.31408924854802 39.3883019999844, -79.31362056114237 39.38862895285833, -79.31318027978918 39.3890516668847, -79.31279681574979 39.38966591883853, -79.3125 39.39010579162539))",2.4562369425184167,3478.65,0.0007060891272529334,77,0.03218001251325569
16243,39.40625,-79.28125,1982-07-03,47.9,1982,7,3,"POLYGON ((-79.27910820238421 39.4375, -79.25 39.4375, -79.25 39.375, -79.3125 39.375, -79.3125 39.39010579162539, -79.31238263601369 39.39027972182879, -79.3117500241315 39.39103338573186, -79.31143773532432 39.39124340053647, -79.31101985027779 39.39151116406852, -79.31057054038918 39.39169463516295, -79.30955520131317 39.3921612207337, -79.3090825691628 39.39246468830401, -79.30848575727525 39.39286934508159, -79.30724762088914 39.39330247862294, -79.30638070068639 39.3934703621356, -79.30569210661133 39.39375799219873, -79.30509001860483 39.39418408226185, -79.30463221788101 39.39443416878709, -79.30367143967604 39.39477774129634, -79.30284784590062 39.39521713854948, -79.3018713322044 39.39557300998745, -79.30136195433903 39.39579906742234, -79.30081629661403 39.39586871597548, -79.30058208011106 39.39561179276441, -79.30088452104464 39.39500635418658, -79.3012447540026 39.39469568447599, -79.30145527988857 39.39417922475351, -79.30109308801092 39.39394945869894, -79.30056185441947 39.39396911678152, -79.29911831121809 39.39442780647354, -79.29824806330551 39.39481572056054, -79.2966206078502 39.39540276501784, -79.2964438717745 39.3954903053063, -79.29548993429273 39.39617401637133, -79.29462192938333 39.39720119827368, -79.29435641868355 39.39819722006113, -79.293744505321 39.39948045751901, -79.29341303271157 39.39983595526799, -79.29332922824905 39.40024341334378, -79.29325050051641 39.40078145330489, -79.29310162737818 39.40110727724489, -79.29268429829931 39.40184015296779, -79.29226580554089 39.40262068479868, -79.29210233319253 39.40302354495996, -79.29174933480168 39.40363817004197, -79.2915905077891 39.40385038600981, -79.29133720528915 39.40415656833044, -79.29128286631344 39.40463714911622, -79.29139176851636 39.40543004771914, -79.29147299937625 39.40638154894614, -79.29146228419964 39.40732764079456, -79.29107523740637 39.4080848779486, -79.29000829585895 39.40899333951501, -79.28901817636805 39.40952974913792, -79.28812702186902 39.41000380585628, -79.28697379449756 39.41060926942991, -79.28623088561093 39.41091583399626, -79.28516229646509 39.41133358880302, -79.28417132962721 39.41166279910805, -79.28287569509371 39.41209781843066, -79.28148837168506 39.41257217617643, -79.28085407073337 39.41310849010646, -79.28026589282224 39.4136394165663, -79.28005668328247 39.41462418131159, -79.27995353478086 39.41547902979369, -79.27967180744245 39.41606581759901, -79.27935420333728 39.41651016832795, -79.27894984909199 39.41693014204082, -79.27845208322073 39.41732972205941, -79.27784959555419 39.41797912633496, -79.27731905792345 39.41830932739973, -79.27644862455675 39.41868350956312, -79.27606114437809 39.41871126466056, -79.275952654509 39.41871987712708, -79.2753221976398 39.41877000297444, -79.2748634088713 39.41882749339705, -79.2750654826328 39.41906776250097, -79.2758481995491 39.4203761066356, -79.27639593824655 39.42115296375807, -79.27779030328297 39.42328096274479, -79.27811064094722 39.42386350894558, -79.27820478643808 39.4244318333067, -79.28044820950976 39.42850517846475, -79.28094027665445 39.42949573902723, -79.28103492474206 39.430253164882, -79.28118822723775 39.43060775235397, -79.28120947612292 39.43065194701211, -79.28181479841507 39.43139506766387, -79.28194389698722 39.4320116460127, -79.28154631794965 39.43272759597924, -79.28110976888334 39.43312493232582, -79.28097397501968 39.43341587313396, -79.28068488909801 39.43371246498193, -79.28054909002545 39.43400341308404, -79.2804162064503 39.43434189541983, -79.28037529185974 39.43467699338221, -79.28045212712595 39.43516460650197, -79.28008755199707 39.43599813843187, -79.27968018327603 39.43637056966315, -79.27923924377001 39.43669657916499, -79.278980792298 39.43699203873713, -79.27902467670116 39.43738760734864, -79.27910820238421 39.4375))",43.11728412547138,3478.65,0.012394832514185496,78,0.5937124963424988
16608,39.40625,-79.21875,1982-07-03,46.15,1982,7,3,"POLYGON ((-79.25 39.4375, -79.1875 39.4375, -79.1875 39.375, -79.25 39.375, -79.25 39.4375))",62.6486394245106,3478.65,0.018009469025199603,79,0.8311370229932306
16973,39.40625,-79.15625,1982-07-03,47.2,1982,7,3,"POLYGON ((-79.1875 39.4375, -79.125 39.4375, -79.125 39.375, -79.1875 39.375, -79.1875 39.4375))",62.64863942449383,3478.65,0.01800946902519478,80,0.8500469517293281
17338,39.40625,-79.09375,1982-07-03,49.05,1982,7,3,"POLYGON ((-79.125 39.4375, -79.0625 39.4375, -79.0625 39.375, -79.125 39.375, -79.125 39.4375))",62.6486394245106,3478.65,0.018009469025199603,81,0.8833644419459061
17703,39.40625,-79.03125,1982-07-03,38.05,1982,7,3,"POLYGON ((-79.0625 39.4375, -79 39.4375, -79 39.375, -79.0625 39.375, -79.0625 39.4375))",62.6486394245106,3478.65,0.018009469025199603,82,0.6852602826687104
18068,39.40625,-78.96875,1982-07-03,35.625,1982,7,3,"POLYGON ((-79 39.4375, -78.9375 39.4375, -78.9375 39.375, -79 39.375, -79 39.4375))",62.64863942449383,3478.65,0.01800946902519478,83,0.6415873340225641
18433,39.40625,-78.90625,1982-07-03,35.6,1982,7,3,"POLYGON ((-78.9375 39.4375, -78.875 39.4375, -78.875 39.375, -78.9375 39.375, -78.9375 39.4375))",62.64863942449383,3478.65,0.01800946902519478,84,0.6411370698166653
18798,39.40625,-78.84375,1982-07-03,38.775,1982,7,3,"POLYGON ((-78.875 39.4375, -78.8125 39.4375, -78.8125 39.3751552273043, -78.81265307400686 39.37510465657092, -78.81285977063324 39.375, -78.875 39.375, -78.875 39.4375))",62.648147167185364,3478.65,0.01800932751704982,85,0.6983117019536598
19163,39.40625,-78.78125,1982-07-03,40.15,1982,7,3,"POLYGON ((-78.8125 39.4375, -78.77585152181466 39.4375, -78.77592145560888 39.4373565176721, -78.77618140752415 39.43688129122757, -78.77658480747141 39.43670057111093, -78.77720102227124 39.43646325073111, -78.77751642020807 39.43611529784027, -78.77768200649231 39.43516139666064, -78.77779202080521 39.43438760453392, -78.77804136093143 39.43396210090744, -78.77887362620135 39.43330936339637, -78.77989256443385 39.43263396933975, -78.78096258499852 39.43194642729907, -78.78177457665905 39.43139816666061, -78.78251689189317 39.43091412995854, -78.7828697655288 39.43044887935589, -78.78320491192152 39.43000951205843, -78.78354088347862 39.42954393857116, -78.78373545386565 39.42927232634853, -78.78368282879096 39.42879934214639, -78.78366574612102 39.42837102964737, -78.78366876699646 39.42836419736618, -78.78368823963426 39.42824327886511, -78.78393147027832 39.42782922001252, -78.78414518863298 39.42754741923624, -78.78512095724557 39.42716170894685, -78.78600612987962 39.42696879941342, -78.78660533107342 39.42673110510344, -78.78722681250053 39.42632339969423, -78.78829832183069 39.42558337235137, -78.78885510803727 39.425082650615, -78.78918563472783 39.42478739340078, -78.78938614473586 39.42450575410599, -78.78939709999628 39.42433226178601, -78.78940866260861 39.42414921636247, -78.78940295235655 39.4237951234576, -78.78952088476679 39.42327294425915, -78.78988029508882 39.42259802955174, -78.79001056199004 39.42222029686457, -78.78996327859231 39.42157698388571, -78.78987557931153 39.42114266632338, -78.78967907548829 39.42094227653868, -78.78948463770485 39.42067636919619, -78.78893213587111 39.42036005118511, -78.78865083033097 39.41978210932445, -78.78859900332199 39.41928292205652, -78.78883237493361 39.41831718118712, -78.78915922718366 39.41760231767586, -78.7895466008883 39.41711147956453, -78.78995706956785 39.4164244231221, -78.79022212613881 39.4155248330779, -78.79049545415045 39.41436318530209, -78.79122885947814 39.41278631680691, -78.79129052358279 39.4126907929578, -78.79163444641665 39.41217321853114, -78.79187778194955 39.41163433705175, -78.79188141332961 39.41161336209431, -78.79192650348602 39.41135290220642, -78.79207625154561 39.41114927532139, -78.79231385177914 39.4107567382995, -78.7925065231202 39.41049040523136, -78.79280749974198 39.41003554011202, -78.79298120785478 39.40972119885911, -78.79305311198301 39.40938903596446, -78.79323131369988 39.40893184295603, -78.7933067122747 39.40848857719127, -78.79340858494488 39.40785523057433, -78.79353341434515 39.40714291118338, -78.79353397688142 39.40647587733614, -78.79351207236975 39.40587194025761, -78.79353109803171 39.40526878539193, -78.7937746775675 39.40468577693112, -78.79407562604291 39.40423090660219, -78.79449037463267 39.40341290462202, -78.79554163026074 39.40172858368982, -78.79612619767609 39.40087436272365, -78.79664363422179 39.39946822234862, -78.79701150863936 39.39851811972371, -78.79728792444647 39.39778916154231, -78.79778469541822 39.39703815195524, -78.79808745138119 39.39654568170909, -78.79826087319447 39.39586721526922, -78.79841287016511 39.3953325579065, -78.798881190933 39.39494810271841, -78.79964276264748 39.3943725359675, -78.80029558946428 39.39349336284351, -78.80086525209565 39.39239290393772, -78.8012592499061 39.39202176135751, -78.8013964563772 39.39146577386327, -78.80171931485624 39.39072859373564, -78.80221184614483 39.39031895730903, -78.80248862544751 39.39009087607182, -78.80256634854955 39.39005016872891, -78.80321491222722 39.38960183730626, -78.80365542750032 39.38926075289967, -78.80393281178237 39.38890069801264, -78.80415130182269 39.38846012571761, -78.80447455578964 39.38794212111451, -78.80478082504308 39.38731262409687, -78.80485702010746 39.38708950364331, -78.80492704055739 39.38697310899253, -78.80518314523655 39.38634863080767, -78.8053498990304 39.38587979617632, -78.80570402691248 39.38536205193002, -78.8061384705635 39.38497692805356, -78.80656135902709 39.3844211452243, -78.80692039307385 39.38374616071223, -78.8072810607716 39.38301876486138, -78.80763967285375 39.38235688240215, -78.80811482406732 39.38174963813527, -78.80836268439981 39.38138720830772, -78.80839596884718 39.38086341155694, -78.80838769659506 39.38058792888569, -78.8083088427372 39.38038116910361, -78.80831151486966 39.38033899523916, -78.80842968250558 39.37999434478218, -78.80871022538095 39.37958519208527, -78.80938444826786 39.37897624536054, -78.80994353466011 39.37822096378021, -78.81017826970702 39.37739651943529, -78.8106161589025 39.37671102646217, -78.81123384386323 39.37600639777565, -78.81155644443815 39.37569024477971, -78.81205304415215 39.37531572284015, -78.81242563106781 39.37517979640992, -78.8125 39.3751552273043, -78.8125 39.4375))",17.852366968897798,3478.65,0.005131981363143115,86,0.2060490595609782
19528,39.46875,-79.28125,1982-07-03,50.6,1982,7,3,"POLYGON ((-79.25 39.46770629290472, -79.25 39.4375, -79.27910820238421 39.4375, -79.27952940518357 39.4380667729691, -79.28036729648622 39.43892299217053, -79.2813980090295 39.44017274764595, -79.28103590739256 39.44117228846537, -79.28074912602642 39.44133145783193, -79.28018482076561 39.44159408527414, -79.28007698154784 39.4417388859037, -79.28025549864427 39.44211061288724, -79.28062529350841 39.44240758693115, -79.28140650041955 39.44285602085589, -79.28220186065913 39.44324547786387, -79.28302613746376 39.44369683154746, -79.28393433678079 39.44399655233034, -79.28499842321365 39.44420039732363, -79.28541149164464 39.444306677122, -79.2858507786267 39.44450667225341, -79.2860174870096 39.44463560619988, -79.28518788233154 39.44556668375777, -79.28423473678114 39.4468446634368, -79.28348623978601 39.44770529122624, -79.28253173190075 39.44855108058647, -79.28193750132036 39.44889711824325, -79.28124423568636 39.44939558672466, -79.28073493964794 39.44975646390795, -79.27970875094049 39.45038424252704, -79.27849868045141 39.45103670864008, -79.27833228714438 39.45110157724566, -79.27823645961527 39.45117454268222, -79.27773701897023 39.45147704609906, -79.27733507917254 39.45156643970259, -79.2765589940979 39.45186484634365, -79.27593776682907 39.45211785828504, -79.27538271005584 39.45218114576563, -79.27464941625459 39.45228827483915, -79.27381662811423 39.45251489526331, -79.27215935037412 39.45312083672185, -79.27112940073401 39.45355317121253, -79.27091986572211 39.45359285033098, -79.27039435992404 39.4537042314268, -79.26983576002181 39.45391046851254, -79.2692487717803 39.4540209194256, -79.26874867897141 39.45434721865447, -79.26827933102901 39.45467397100067, -79.26805174570278 39.4551711894517, -79.2679567568627 39.45555615088811, -79.26779275905091 39.45573988896273, -79.2673211610516 39.45681083816682, -79.26721001792978 39.4575849735099, -79.26697124654243 39.45829617783029, -79.26674545952845 39.45865562064566, -79.2663347829111 39.45885988584607, -79.26569698400442 39.45900946274644, -79.26442820949985 39.45917755025207, -79.26303196473884 39.45939543246366, -79.26189106111477 39.45965796654363, -79.26113310130498 39.45987042770431, -79.26086410414372 39.46009644072473, -79.26014967784782 39.46064501448939, -79.2596474409083 39.46109573948881, -79.25871316814654 39.46167026953695, -79.25788451292443 39.46203388867156, -79.25692028394599 39.462208884424, -79.25581013750366 39.46217202456452, -79.25513681691562 39.46222053200231, -79.25439032544554 39.46258148550452, -79.25401624828774 39.46300026682585, -79.25373562963917 39.46343945743108, -79.25360401888125 39.46380169609815, -79.25369286056652 39.46423177615508, -79.25351771220832 39.46494962118008, -79.25340624334054 39.46561117153849, -79.25307517042856 39.46639774353918, -79.25271488905611 39.46684332063793, -79.25174897215342 39.46715791712317, -79.25132968410308 39.4673400689182, -79.25091184077863 39.46754599356786, -79.25039183100223 39.46758886036636, -79.25 39.46770629290472))",10.35259705839901,3478.65,0.0029760387099590385,65,0.15058755418285266
19893,39.46875,-79.21875,1982-07-03,53.5,1982,7,3,"POLYGON ((-79.21454922341707 39.5, -79.1875 39.5, -79.1875 39.4375, -79.25 39.4375, -79.25 39.46770629290472, -79.2498483992393 39.4677517279572, -79.24907913747712 39.46771038184475, -79.24851965931572 39.4679740430817, -79.24787171972291 39.46856749519028, -79.24775480047009 39.46871723551936, -79.2477162745443 39.4690265545272, -79.24743239960293 39.46930833735834, -79.24699359631563 39.46963546186883, -79.24673626464697 39.47008450882001, -79.24623715625626 39.47036304496934, -79.24591229966119 39.47041783676874, -79.24583163173422 39.47047672209899, -79.24511578291035 39.47064707017771, -79.2440388116872 39.47092504119841, -79.24247153756028 39.47103197246432, -79.24128019077078 39.47112501802933, -79.24036502042358 39.47113588961624, -79.23938014216155 39.47134290241424, -79.23848672838167 39.4716006889597, -79.23837394874849 39.47173551578557, -79.23835324087911 39.47192541947143, -79.23868806857308 39.47248486667428, -79.23878210511018 39.47282665215459, -79.23889147725136 39.47310859194548, -79.23902719649887 39.47331809023726, -79.23905466183761 39.47376981819401, -79.23905145111338 39.47422266700752, -79.23869922196175 39.47449763429665, -79.23850476549299 39.4745324395809, -79.2385022415227 39.4745359447822, -79.23822615020765 39.47471264247254, -79.2376662514545 39.47488168105242, -79.23663864141569 39.47524789035157, -79.23556852452299 39.47545802301423, -79.23503682379553 39.47559460748955, -79.2342996028737 39.47582399606592, -79.23344156163961 39.47585538422361, -79.23194465185408 39.47569379531184, -79.23042651334522 39.47572663924307, -79.22885194575242 39.47572091665703, -79.22800848110506 39.47591829916093, -79.22742757160469 39.47618705521115, -79.22730433676939 39.47631385811184, -79.2272588477433 39.47646389942662, -79.22727568149956 39.47701243964858, -79.22750895198133 39.47751660584068, -79.22786281911786 39.47811795813283, -79.22818653631215 39.47869500947213, -79.22877551895229 39.47972904063818, -79.22892200150173 39.48001732725854, -79.22915168405659 39.4806644628698, -79.22926017613416 39.48123823523591, -79.22898454013551 39.48240211785496, -79.22871918557823 39.48316090048149, -79.22848759910933 39.48380100943038, -79.22792319538159 39.48422149528587, -79.22714714091684 39.48449572754223, -79.22668205889512 39.48464944734073, -79.22667634429803 39.48465274212882, -79.22598227401447 39.485006704315, -79.22539501827865 39.48573504564165, -79.22531175271868 39.48637728050068, -79.22537066893983 39.48721731471962, -79.22542949255022 39.48802561047946, -79.22513319772277 39.48865333931459, -79.22472431022267 39.48924368084719, -79.2245867013974 39.48971404849451, -79.22451915322841 39.49012158082686, -79.22451008129345 39.49047933094543, -79.22432122982876 39.49091511227027, -79.22432202025747 39.4913194476756, -79.22444529586807 39.49148807004405, -79.22537742049415 39.49250331240632, -79.22601035659635 39.49310611652323, -79.2267282358515 39.49358426255472, -79.22719028810594 39.49397711945227, -79.22693514919054 39.49404047888956, -79.2265301909782 39.49390672855748, -79.22588425570665 39.49370952443856, -79.22518561513034 39.49353219010617, -79.22450615550328 39.49345798152947, -79.22382961544054 39.49345878108826, -79.22318663984228 39.49350600341308, -79.22187432486143 39.49367288748159, -79.22069770099435 39.49404927609422, -79.21980013241281 39.49446316748698, -79.21939787026479 39.49493052392494, -79.21906705661601 39.49556208091543, -79.21866005629292 39.49590845642267, -79.21834931862223 39.49656369354333, -79.21773491778288 39.49769823386136, -79.21747352180641 39.49801843534948, -79.21691377121363 39.49841253483114, -79.21575749591058 39.49857159483338, -79.21465506774084 39.49899368848236, -79.21449586868779 39.49932006278132, -79.21447578832407 39.49969874515323, -79.21454477187262 39.49997992457209, -79.21454922341707 39.5))",51.71114303663957,3478.65,0.014865290568651508,66,0.7952930454228556
20258,39.46875,-79.15625,1982-07-03,59.75,1982,7,3,"POLYGON ((-79.1875 39.5, -79.125 39.5, -79.125 39.4375, -79.1875 39.4375, -79.1875 39.5))",62.70487396285513,3478.65,0.01802563464644478,67,1.0770316701250755
20623,39.46875,-79.09375,1982-07-03,49.675,1982,7,3,"POLYGON ((-79.125 39.5, -79.0625 39.5, -79.0625 39.4375, -79.125 39.4375, -79.125 39.5))",62.704873962871915,3478.65,0.018025634646449604,68,0.8954233873099162
20988,39.46875,-79.03125,1982-07-03,47.1,1982,7,3,"POLYGON ((-79.0625 39.5, -79 39.5, -79 39.4375, -79.0625 39.4375, -79.0625 39.5))",62.704873962871915,3478.65,0.018025634646449604,69,0.8490073643428406
21353,39.46875,-78.96875,1982-07-03,32.1,1982,7,3,"POLYGON ((-79 39.5, -78.9375 39.5, -78.9375 39.4375, -79 39.4375, -79 39.5))",62.70487396285513,3478.65,0.01802563464644478,70,0.5786228446459417
21718,39.46875,-78.90625,1982-07-03,37.125,1982,7,3,"POLYGON ((-78.9375 39.5, -78.875 39.5, -78.875 39.4375, -78.9375 39.4375, -78.9375 39.5))",62.70487396285513,3478.65,0.01802563464644478,71,0.6692016862492624
22083,39.46875,-78.84375,1982-07-03,31.7,1982,7,3,"POLYGON ((-78.875 39.5, -78.8125 39.5, -78.8125 39.4375, -78.875 39.4375, -78.875 39.5))",62.704873962871915,3478.65,0.018025634646449604,72,0.5714126320449203
22448,39.46875,-78.78125,1982-07-03,30.85,1982,7,3,"POLYGON ((-78.8125 39.5, -78.75 39.5, -78.75 39.45489857120605, -78.7500768040674 39.45481576287317, -78.75019522198401 39.45446886764514, -78.75025124636359 39.45393723338885, -78.75011089663884 39.45359122509714, -78.75005920076599 39.45328846966305, -78.75 39.45313839737732, -78.75 39.45258807299212, -78.75011034463017 39.45233655099862, -78.75032069466866 39.45216592080565, -78.75038110426669 39.45212991244582, -78.75075932441253 39.45190442061325, -78.75100807181774 39.45181394015835, -78.7511150014208 39.45174386720979, -78.75136408913451 39.45170058351692, -78.75163043574737 39.45157186457853, -78.75179830319036 39.45144806039452, -78.75224805216594 39.45111298014767, -78.75286653978731 39.4502858715901, -78.75316906526584 39.44973143901254, -78.75329062316425 39.44963461505851, -78.75348967614607 39.44917789285738, -78.75385556301799 39.44862910285665, -78.75407099430792 39.44829974073894, -78.75437852766956 39.44765452503374, -78.75470040037656 39.44720017238986, -78.75512563261785 39.44671604149941, -78.75527710090265 39.44646486368947, -78.75572127552074 39.44602874098283, -78.75611736430611 39.4458140459645, -78.75620741178409 39.44556167660472, -78.75634553363197 39.44508788580629, -78.7564601131907 39.44470892815979, -78.75657317784959 39.44437759227789, -78.75682534562588 39.44403942907007, -78.75730229909752 39.44380319124355, -78.75807030235673 39.44358201846452, -78.75863884256609 39.44361217879332, -78.75885101225535 39.44377281239222, -78.75955308231318 39.44432240249002, -78.76023435200182 39.44461481719545, -78.76093716998848 39.44516440416758, -78.76160661865431 39.44580344515668, -78.76239643599054 39.44644929944793, -78.76310087530706 39.44692683138094, -78.76366241814308 39.44719440574436, -78.76440555913869 39.44741591321286, -78.7651553442025 39.44743032845172, -78.76628977452151 39.44751279281438, -78.76665175811083 39.44745472665414, -78.76714758866903 39.44737518321263, -78.76765750152938 39.44729320016729, -78.76829617896968 39.4468859291113, -78.76893526586565 39.44646554975194, -78.76956849218743 39.44622859913564, -78.77011554424791 39.44604243814247, -78.77056453662037 39.44574950675089, -78.77119631713339 39.44502743645157, -78.7716342575729 39.44455074301504, -78.77252199678756 39.44375490574642, -78.77308405396946 39.44309703646518, -78.77350434514467 39.44218427638368, -78.77364457300844 39.44189479972398, -78.77378354143309 39.44129382797004, -78.77379083760201 39.44124161453826, -78.77395316818496 39.44085235578163, -78.77410909984211 39.44045830225657, -78.77434690020429 39.4400657985752, -78.7742825478128 39.4397958910001, -78.77429138698292 39.43969832038103, -78.77441514387255 39.43894838546566, -78.77462162583355 39.43866426179445, -78.77523410126801 39.43823487937664, -78.77566821277667 39.4378760929575, -78.77585152181466 39.4375, -78.8125 39.4375, -78.8125 39.5))",59.18394085193188,3478.65,0.017013479611898835,73,0.5248658525172065
22813,39.46875,-78.71875,1982-07-03,31.275,1982,7,3,"MULTIPOLYGON (((-78.75 39.5, -78.6875 39.5, -78.6875 39.47630753168406, -78.68796060428333 39.47659715353182, -78.68860925980434 39.47682176301125, -78.68925120165717 39.47724895021593, -78.68956404089606 39.47771914018644, -78.68990608425163 39.47818541238631, -78.69051949466056 39.47847541451487, -78.69057790977205 39.47853981528693, -78.69073908786817 39.47865816153956, -78.6908663443142 39.47875160271463, -78.69087820569368 39.47876031100214, -78.69088854107304 39.47876253284828, -78.69108848618423 39.47880552187215, -78.69112253397792 39.47881284261022, -78.6911630204269 39.47879814567, -78.69123773290967 39.47877102784133, -78.69124707040751 39.47876763720128, -78.69140470092411 39.47865158706838, -78.69153238165471 39.47851109747315, -78.69181847950013 39.47823073487625, -78.69207369510715 39.47813167614629, -78.69216328989268 39.47809689996544, -78.69221252507859 39.47811656543409, -78.69276379853432 39.47833676159955, -78.69353779961908 39.47837465344921, -78.69398138341148 39.47847353865865, -78.69441558104423 39.47887855763042, -78.69488816970271 39.47902306767507, -78.69529113289612 39.47944998979675, -78.69552022327792 39.47975183550381, -78.69541560842823 39.48019120671313, -78.69561254221095 39.48056449505498, -78.69605375577385 39.48073540407196, -78.69653156617113 39.4807223477598, -78.69702689192714 39.48074715278554, -78.6972758391766 39.48075961883686, -78.69789640853517 39.48093407325299, -78.6979310147712 39.48092253882018, -78.69794787927408 39.48092930230776, -78.69800348630041 39.48095160733774, -78.6986206351813 39.480892319542, -78.69933707051194 39.48062046424938, -78.69981820983793 39.48047182175647, -78.70005743089831 39.48051288568754, -78.70044133145667 39.48061507310581, -78.70108946595958 39.48085763147715, -78.70177197412697 39.48096121922561, -78.70181110021626 39.48093774001585, -78.70210627974296 39.4807606282329, -78.70256795517476 39.48033279887898, -78.70261909591949 39.48029269467628, -78.70302738646087 39.47997250168102, -78.70344804549407 39.47986370195954, -78.70386557882981 39.47987194366399, -78.70397171143894 39.47995025262189, -78.70418550477102 39.48010799657305, -78.70456555865779 39.48034973682699, -78.70500605539887 39.48054312808158, -78.70583357811589 39.48076666418802, -78.70607853903979 39.48058682024229, -78.70627611287857 39.48001413141542, -78.7066422799103 39.47981103827623, -78.70676234773882 39.47974444230179, -78.70760421370932 39.47953130952063, -78.7083971567849 39.47899287755589, -78.7085239908056 39.47883122031272, -78.708863532232 39.47839845794364, -78.70906535299468 39.47799143855303, -78.70927076060316 39.47786087585111, -78.70972218339654 39.47770832303522, -78.70973730630911 39.47770321155242, -78.70975919480001 39.47770314483441, -78.71055887315326 39.4777006752518, -78.71065556980393 39.47770037606686, -78.71073422874206 39.47774161120948, -78.71076395251977 39.47775971839211, -78.71140668402735 39.47815125665834, -78.71223271377069 39.47841976350703, -78.71298376513741 39.47824986106646, -78.71374689584319 39.47771080731975, -78.71444679372759 39.47728311702469, -78.71519420608452 39.47702491479252, -78.71526104461365 39.47700182510282, -78.71531541516245 39.47702729887782, -78.71567251016766 39.4771945976736, -78.71650532451092 39.47725600912538, -78.7172594462743 39.47699154022766, -78.71783110644174 39.476818073643, -78.71853534199178 39.47670125974871, -78.71858050545106 39.47669764402576, -78.71875352140691 39.47658036783712, -78.71898397912815 39.47642607597075, -78.71917721603228 39.47628314562525, -78.71926945374211 39.47604897196808, -78.719267534743 39.47559007194458, -78.71929621725333 39.47471224569165, -78.71937209727747 39.47438097332978, -78.71937548792901 39.47437549312567, -78.71940963594341 39.47434738269148, -78.71970944280979 39.4739730630284, -78.71990653092963 39.4736360591481, -78.72005717935964 39.47316704421042, -78.72043594226818 39.47296470627787, -78.7209651346983 39.47281776058215, -78.72156537032903 39.4725673201605, -78.72185081732755 39.47211405175531, -78.72193126544551 39.47172232118972, -78.72240479470913 39.47120718582241, -78.72295386789739 39.47096884654113, -78.72353448444298 39.47094692441361, -78.72407520697467 39.47098089600349, -78.72479784838789 39.47076530627284, -78.72523189865109 39.47024225331675, -78.72549571553358 39.46945911071427, -78.72606157305832 39.46856925724219, -78.72659618975841 39.46772384228904, -78.72677432737234 39.46682639702464, -78.72730966298663 39.46595846129574, -78.72798618742202 39.46532752679833, -78.72849453062828 39.46475185610572, -78.72910378701164 39.46420069033946, -78.72935048568905 39.46367396076243, -78.72936864337234 39.46360674212336, -78.72962664088756 39.4630957239449, -78.72966762327064 39.4630678478734, -78.72981003798122 39.46300074874396, -78.7302698240775 39.46290484479313, -78.73113614439511 39.46286080959433, -78.73176068181479 39.46282906137476, -78.73263707516954 39.46292481958481, -78.73354260606571 39.46316535552155, -78.73448067100242 39.46344584441538, -78.73458994965695 39.4634889180267, -78.73521548109807 39.46373547958078, -78.73568538457417 39.46400798517753, -78.73573012701819 39.46403393501605, -78.73604874036779 39.4641188018042, -78.73650767838006 39.46404907696214, -78.73688676334685 39.46383357972157, -78.73746919302789 39.4630845155435, -78.73768688928077 39.46262988901635, -78.73780273672088 39.46218639394532, -78.73790210824328 39.46172946352648, -78.73784306142556 39.46094169152244, -78.73787022621644 39.46010315485766, -78.73799158517917 39.45948932996167, -78.73824179674362 39.45907466473303, -78.73835718119864 39.45854758236003, -78.73856646294711 39.45792726665974, -78.7386286213758 39.45757449858728, -78.73902711623238 39.45728070879243, -78.73945432354132 39.45714480294335, -78.73997869228188 39.45714188615205, -78.74104943074944 39.45697915080225, -78.74198367550848 39.45685308546563, -78.74288496009862 39.45670015464182, -78.74382512689915 39.45639064493303, -78.744341899655 39.45609913092164, -78.7451975468604 39.45578797141078, -78.74558450725023 39.45567418019083, -78.74562245171995 39.45571112689428, -78.745914103584 39.45596904855318, -78.74662248390494 39.45620631203813, -78.7466770514594 39.45621281398435, -78.7470427473028 39.45625638598184, -78.74757049382595 39.45614861630861, -78.74784812334157 39.45601196705407, -78.74835182814419 39.45576403110108, -78.74878271498299 39.45542101012054, -78.74933105927492 39.45517485740021, -78.74994141155805 39.45496173988145, -78.75 39.45489857120605, -78.75 39.5)), ((-78.75 39.45258807299212, -78.75 39.45313839737732, -78.74990768166218 39.45290437297341, -78.74999980234944 39.45258852352119, -78.75 39.45258807299212)))",29.1867161565116,3478.65,0.008390242236646861,74,0.26240482275050714
23178,39.46875,-78.65625,1982-07-03,32.175,1982,7,3,"POLYGON ((-78.6875 39.5, -78.625 39.5, -78.625 39.49618562089741, -78.62525019466395 39.4959727084144, -78.62619681935821 39.4953208801162, -78.62625110808649 39.49525419363817, -78.62662006887952 39.49498301923744, -78.62700521498155 39.49451414825943, -78.62762261577981 39.49381760106282, -78.62768177941348 39.49376808121119, -78.62848196312002 39.49285478811161, -78.62883552275407 39.49240910572176, -78.62901797450853 39.49217107651882, -78.62917746471601 39.49196300357087, -78.62944717514864 39.49161113685212, -78.6304989028221 39.49053610281479, -78.63125808231374 39.48966814413956, -78.63152310399236 39.48936514193865, -78.63178766621272 39.4890795157513, -78.63187977567254 39.48901633126318, -78.63208842169861 39.48887320496546, -78.63294107698826 39.48822315091046, -78.63338923574705 39.48770786635041, -78.63389401760675 39.48733675640626, -78.63446836194983 39.48672870087639, -78.63491649885482 39.48621341111609, -78.63552802116664 39.48541540687781, -78.63597936585317 39.48480483394952, -78.63643232849299 39.4841466256872, -78.63679277801418 39.48365656943689, -78.63729133587455 39.48330596990641, -78.6380104337934 39.48296303754793, -78.6386680558323 39.48261884804886, -78.6396807128758 39.48178129504056, -78.64066502663056 39.48087164952839, -78.64145602808628 39.48022027277318, -78.64206097768806 39.47961279430125, -78.64233172376531 39.47923827037216, -78.64264307276287 39.47908786157307, -78.64329343921382 39.47923618581557, -78.64432193231133 39.47969848255925, -78.64549872609234 39.48015927478313, -78.64668232702896 39.48044000168566, -78.64681989752061 39.48044278781351, -78.64735054463534 39.48055426760614, -78.64860921209022 39.48062741241151, -78.64954180306349 39.48033639302712, -78.65042172472113 39.47978210550183, -78.65111480689373 39.47929554329848, -78.65190489584278 39.47866791133784, -78.65250573555494 39.47817947644658, -78.65326688241265 39.47764949021678, -78.65335705861601 39.47757925367615, -78.65380382296111 39.47723127514444, -78.6545341110058 39.47680877837898, -78.65483896436085 39.47663240924092, -78.65569766476978 39.47579160670695, -78.65596994497389 39.47547952227531, -78.65643340091221 39.47494831697276, -78.65684693191486 39.47462235932323, -78.65776029618318 39.47390241270481, -78.65777015557839 39.47389445123839, -78.65860850730515 39.47321752242944, -78.65905640615101 39.47285586789991, -78.65972261207763 39.47224952895051, -78.66030235658823 39.47167353389872, -78.66073989337151 39.47123882432981, -78.66080432690656 39.47117480867644, -78.66091268465992 39.47104457429641, -78.66125296840407 39.47063559303174, -78.66172615342127 39.47013005122768, -78.6627201892729 39.46906803428092, -78.66323302228804 39.46872672749841, -78.66338073603904 39.46862841901206, -78.66352272765759 39.46857974065298, -78.6636052661714 39.46855144260034, -78.66377183903198 39.46849433815918, -78.66390482178161 39.46854757004368, -78.66436930932463 39.46873349778758, -78.66574582199769 39.46947737548815, -78.66715287323528 39.47019932710734, -78.66807034749772 39.47071749274048, -78.66842332998225 39.4709168446649, -78.66885842070077 39.47128893668998, -78.66974048850652 39.47185390126246, -78.66997254757615 39.47200253585324, -78.670333344694 39.47218752944945, -78.67060369435529 39.47232614834489, -78.6706982667888 39.47237463761462, -78.67088721820802 39.4724172516766, -78.67106142905388 39.47245653973751, -78.67127827099951 39.47250544226402, -78.67220033235117 39.47252391092049, -78.67295990121838 39.47238161360147, -78.67300500324691 39.47237316455499, -78.67389599518262 39.47215131083811, -78.67416007698436 39.47213231755438, -78.67430433921682 39.47212194015675, -78.67505540097399 39.47195227624795, -78.67578597789674 39.47150291606378, -78.67667062098042 39.47089896729032, -78.67742779316116 39.4705447276981, -78.67799573481636 39.47050651708632, -78.67855590862376 39.47067986961453, -78.67929227106001 39.47095134028902, -78.6797921572466 39.4711685282835, -78.68046600264066 39.47152883329674, -78.68110933859651 39.47191103833435, -78.68128921538172 39.4718922171216, -78.68144764186474 39.47175236078404, -78.68198833226137 39.47121490019099, -78.68217905298127 39.47097778147483, -78.68242304216021 39.47095289033533, -78.68280391722331 39.47115652862868, -78.68359595487573 39.47154619476147, -78.68415000144242 39.47192661354467, -78.68473010458452 39.47242015599507, -78.68506969863117 39.47295846453582, -78.68549544908251 39.47361560492536, -78.68567633108322 39.4741360888676, -78.68571298976558 39.47424157294366, -78.68584122684999 39.47426271635188, -78.68636550119196 39.47434915245429, -78.6865612646652 39.47446357364063, -78.68697986333099 39.47470823675064, -78.68720504385126 39.47510460833625, -78.68742630898568 39.47564055672955, -78.68743534804274 39.47626687939314, -78.6875 39.47630753168406, -78.6875 39.5))",22.412127501160946,3478.65,0.006442765872151824,75,0.20729598702104468
23543,39.46875,-78.59375,1982-07-03,32.825,1982,7,3,"POLYGON ((-78.625 39.5, -78.62443525610715 39.5, -78.62461586141971 39.49970301930035, -78.62483388511922 39.4985723404622, -78.62478001338107 39.49750815384986, -78.6247163706675 39.49669100330221, -78.62487650449826 39.49629071400173, -78.625 39.49618562089741, -78.625 39.5))",0.015274937996226055,3478.65,4.39105342481309e-06,76,0.00014413633201959756
23908,39.53125,-79.21875,1982-07-03,50.65,1982,7,3,"POLYGON ((-79.21681601768161 39.5625, -79.1875 39.5625, -79.1875 39.5, -79.21454922341707 39.5, -79.21461314257421 39.50028826050127, -79.21477682215129 39.50110178189056, -79.21462652939829 39.50172863962059, -79.21429758478004 39.50225381604329, -79.21385397879544 39.50280588325164, -79.21323516164311 39.50357576879296, -79.21257576506387 39.50415810605151, -79.21205973920588 39.50470807956979, -79.21115918008788 39.50562328338312, -79.21054296032563 39.50616345280316, -79.21014372732968 39.50656980819952, -79.20980904755127 39.50698265730161, -79.20961644458708 39.50749394919535, -79.20950397160189 39.50796184300738, -79.20939531719124 39.50871319471506, -79.20925751312663 39.50951967885865, -79.20906232021451 39.51028777859634, -79.20870258122082 39.51103917844566, -79.20820032028111 39.51164277081416, -79.20765443571732 39.51230209146591, -79.2074463934197 39.51269931437824, -79.20757549963945 39.51298938780062, -79.20776233188826 39.51295997715356, -79.20813214377185 39.51266746577893, -79.20847185519887 39.51246597129287, -79.20883493331864 39.51211057958103, -79.2093945035751 39.51149149650293, -79.21012570045112 39.51093821445329, -79.21083976300508 39.5107051289384, -79.2115956008837 39.51051552056246, -79.21318478659309 39.51036779173717, -79.21385217367484 39.50976280129933, -79.21421519319915 39.50937134596736, -79.21459198297728 39.5090469491001, -79.21501186572992 39.5087570606014, -79.2158714238206 39.50831148283221, -79.21657937802313 39.50792557511856, -79.21709307286307 39.50756474888294, -79.21765642869228 39.50728299881399, -79.21813186044987 39.50714874080715, -79.21874406093777 39.50699579409562, -79.21930506602314 39.50691246424611, -79.22000186661396 39.50691857509165, -79.22054683734363 39.50699340809614, -79.22089823897335 39.50703915787873, -79.22127088366022 39.50713371503881, -79.22171315467089 39.50741475691187, -79.22215386943306 39.50784906682406, -79.22255758607676 39.5084107468349, -79.22283951687054 39.5089226914317, -79.22300843762282 39.50919687311922, -79.22310812422162 39.50935870046077, -79.22343478374468 39.50903605989109, -79.22382006949334 39.50858086273386, -79.22417498659748 39.50829782534868, -79.22484023214568 39.50787284675475, -79.22545376930145 39.50759836644718, -79.22615844737925 39.50750966666539, -79.22700560455102 39.50754635556684, -79.22778594971614 39.50781514086071, -79.22779319141972 39.50781969919736, -79.22849341700257 39.50843236863633, -79.22878034037254 39.50892158401434, -79.22870988630474 39.50955291772716, -79.22847620083726 39.51018175783099, -79.22840628204062 39.51079202274786, -79.22824555538701 39.51133060217531, -79.22783858347405 39.51198276852598, -79.22722730999058 39.51288748143579, -79.22680657019141 39.51382136819566, -79.22716157501176 39.51433090126501, -79.2278549012356 39.51488194453771, -79.22885901044015 39.51564679215909, -79.22961095964287 39.51650200270109, -79.22992367135738 39.51665259545373, -79.2301053486818 39.51681719043702, -79.23048879694564 39.51727590462278, -79.23054711692988 39.51790432154773, -79.23038100219262 39.51866228582701, -79.23010572403793 39.51960439643315, -79.22971737444328 39.52032090665473, -79.22918531960886 39.52105177849355, -79.22857494134058 39.52171792630442, -79.2278941120671 39.52224703950809, -79.22709056022495 39.5228437102578, -79.22656704912072 39.5234211598828, -79.22644909482386 39.52372249605251, -79.22652134153066 39.52368840008144, -79.2270183547471 39.52357568481275, -79.22750121158114 39.52344556951914, -79.228070729374 39.52323123417544, -79.22880001818687 39.52287145670973, -79.22945096172319 39.52245154064256, -79.23032556936325 39.52193330749754, -79.23127611551287 39.52170508220004, -79.23210915002259 39.52176927221996, -79.2335237730951 39.52251906736362, -79.2341924886161 39.5231745463035, -79.23474782584046 39.52366774478708, -79.23573321387273 39.52422158780981, -79.23709068792766 39.52496453403384, -79.2380966489531 39.52567520133562, -79.23925089083998 39.52661009711414, -79.23972282569341 39.52752052990633, -79.24035374674256 39.52837093534473, -79.24083991229467 39.52859630935646, -79.24213959719117 39.52864797810356, -79.24262417452641 39.52876969460176, -79.24269058720454 39.52878648937057, -79.24284367905669 39.52909309302063, -79.24296332915331 39.52954144908955, -79.24298362835636 39.52987429874772, -79.2428226110994 39.5302614382674, -79.2426939525084 39.53054208169529, -79.24209392114892 39.53105845625868, -79.24113122087125 39.53175109298218, -79.23985807341694 39.5325946563478, -79.23889775152462 39.5330259852132, -79.23798902067755 39.5333609336165, -79.23721666489085 39.53368622875272, -79.23657048967674 39.53434930471279, -79.23641447947007 39.53485478510662, -79.23630788024228 39.53543500207591, -79.23612400143598 39.53581540201664, -79.23562947572891 39.53638737347852, -79.23500052560679 39.53676142171638, -79.23416275284782 39.53720637237507, -79.23318863043704 39.53757067193895, -79.23214225211959 39.53799601648955, -79.23121033595761 39.53850727466503, -79.23119644434797 39.53851758824116, -79.2311273915067 39.53856891028775, -79.23257658564798 39.53841682534404, -79.23340345261627 39.53834163486671, -79.23401386483528 39.53836440000025, -79.23438253120258 39.53887330910295, -79.2346856541767 39.5394431892284, -79.23588332837637 39.54036303702463, -79.23650393522695 39.54081307911175, -79.2369943311778 39.54136260486184, -79.23778046148152 39.54246857217459, -79.23851021095321 39.54349100602456, -79.23891133077952 39.54434100125198, -79.23918362782442 39.54492781998461, -79.23908842745151 39.54518947167416, -79.23899526206827 39.54523837915349, -79.23833675203943 39.54569468384292, -79.23770061637208 39.54605568101535, -79.23689756915682 39.54658031722904, -79.23584043054696 39.54733491457842, -79.23489286390692 39.54793674483489, -79.23392950724215 39.54862932321689, -79.23303106434899 39.54934657867757, -79.23226961282363 39.5500002963804, -79.23142854407446 39.55073793620846, -79.23046393101004 39.55156554717166, -79.22947810832757 39.55236252683701, -79.22940114612645 39.55241828744131, -79.2292619758823 39.55267832458141, -79.2290307429467 39.55292503260714, -79.22846311405917 39.55320782642289, -79.22805771794735 39.55338365840754, -79.22792329840854 39.55344195448443, -79.22720932645878 39.5538492216129, -79.22626120977667 39.55445563729179, -79.22519888042409 39.55520917630338, -79.22444367319851 39.5559515150206, -79.2236620747635 39.55676629870781, -79.2232989087171 39.55737522533497, -79.22288151739033 39.55810526476979, -79.22285768440204 39.55815984719962, -79.22259326119699 39.55846692829965, -79.22170021715641 39.55933688616005, -79.22056272166553 39.56018881815364, -79.2193615150165 39.56094395416115, -79.21823290263175 39.56161081491481, -79.21773477553386 39.56199985472784, -79.21689591613377 39.56244525120997, -79.21681601768161 39.5625))",42.1404944552013,3478.65,0.01211403689799241,54,0.6135759873678689
24273,39.53125,-79.15625,1982-07-03,52.625,1982,7,3,"POLYGON ((-79.1875 39.5625, -79.125 39.5625, -79.125 39.5, -79.1875 39.5, -79.1875 39.5625))",62.76128429376561,3478.65,0.018041850802399093,55,0.9494523984762523
24638,39.53125,-79.09375,1982-07-03,46.9,1982,7,3,"POLYGON ((-79.125 39.5625, -79.0625 39.5625, -79.0625 39.5, -79.125 39.5, -79.125 39.5625))",62.76128429378241,3478.65,0.018041850802403923,56,0.8461628301624236
25003,39.53125,-79.03125,1982-07-03,34.575,1982,7,3,"POLYGON ((-79.0625 39.5625, -79 39.5625, -79 39.5, -79.0625 39.5, -79.0625 39.5625))",62.76128429378241,3478.65,0.018041850802403923,57,0.6237970052579555
25368,39.53125,-78.96875,1982-07-03,33.55,1982,7,3,"POLYGON ((-79 39.5625, -78.9375 39.5625, -78.9375 39.5, -79 39.5, -79 39.5625))",62.76128429376561,3478.65,0.018041850802399093,58,0.6053040806556498
25733,39.53125,-78.90625,1982-07-03,26.65,1982,7,3,"POLYGON ((-78.9375 39.5625, -78.875 39.5625, -78.875 39.5, -78.9375 39.5, -78.9375 39.5625))",62.76128429376561,3478.65,0.018041850802399093,59,0.4808153170015159
26098,39.53125,-78.84375,1982-07-03,24.875,1982,7,3,"POLYGON ((-78.875 39.5625, -78.8125 39.5625, -78.8125 39.5, -78.875 39.5, -78.875 39.5625))",62.76128429378241,3478.65,0.018041850802403923,60,0.4487910387097976
26463,39.53125,-78.78125,1982-07-03,25.525,1982,7,3,"POLYGON ((-78.8125 39.5625, -78.75 39.5625, -78.75 39.5, -78.8125 39.5, -78.8125 39.5625))",62.76128429378241,3478.65,0.018041850802403923,61,0.4605182348489402
26828,39.53125,-78.71875,1982-07-03,26.525,1982,7,3,"POLYGON ((-78.75 39.5625, -78.6875 39.5625, -78.6875 39.5, -78.75 39.5, -78.75 39.5625))",62.76128429376561,3478.65,0.018041850802399093,62,0.47856008565121605
27193,39.53125,-78.65625,1982-07-03,28.1,1982,7,3,"POLYGON ((-78.6875 39.5625, -78.625 39.5625, -78.625 39.5, -78.6875 39.5, -78.6875 39.5625))",62.76128429376561,3478.65,0.018041850802399093,63,0.5069760144298344
27558,39.53125,-78.59375,1982-07-03,29.55,1982,7,3,"POLYGON ((-78.625 39.5625, -78.58954798949016 39.5625, -78.58954989412931 39.56227011901545, -78.58970938078977 39.56199182081345, -78.58969328497523 39.56142489386848, -78.58938315801852 39.5611551997829, -78.58866979733864 39.56079450552809, -78.58808565641242 39.56055279952092, -78.58793624784106 39.56025887385312, -78.58803145752661 39.55996758099922, -78.58841872979072 39.55947827089549, -78.58859309104088 39.55899542790835, -78.58847837133369 39.55835055223424, -78.58831914582976 39.55790052453533, -78.58779545489091 39.557709722566, -78.58732804004156 39.55760705275179, -78.58718852003325 39.55733214477127, -78.58729907422929 39.5569054164943, -78.58744466478299 39.55646398085292, -78.58784735760382 39.55584798948452, -78.58812454168732 39.55543830042672, -78.58810371218912 39.55523506613581, -78.58774353224547 39.55497025237907, -78.58722854154435 39.55490952954144, -78.58699823555509 39.55478897381145, -78.58653084051231 39.5546862998389, -78.58589359153829 39.55451693145512, -78.58550575539877 39.55424518755608, -78.58544479449125 39.55390469192536, -78.58569754518496 39.55343315606078, -78.58556633636542 39.55301380955669, -78.58517768474853 39.5528186010639, -78.58446264430225 39.5526576109801, -78.58365742422899 39.55271234604574, -78.58336389454055 39.55265620502728, -78.5831085989991 39.55251781081943, -78.5828000057068 39.552408591721, -78.58270645549221 39.55217790760067, -78.58260986538158 39.5517684589441, -78.58230532908686 39.55149764612523, -78.58200080737718 39.55122683330737, -78.58197901444578 39.55107557193103, -78.58180595689448 39.55072241822214, -78.58143610502107 39.55039590868665, -78.58102274146148 39.54988673887373, -78.58078901423811 39.54952432801101, -78.5806833219095 39.54902156898586, -78.58061748280645 39.54862372339085, -78.58070675568138 39.5481199670645, -78.58071251675936 39.54791192855937, -78.58098598519689 39.54748159681046, -78.58123447265829 39.54717644841921, -78.58123471893147 39.54683745995611, -78.58113445114653 39.54667117063234, -78.58043013581921 39.5465611576255, -78.57968915726994 39.54658664779249, -78.57933004757949 39.54655471734098, -78.57884317836263 39.54627689869002, -78.57865004017715 39.54564335448136, -78.57904504773596 39.54509973707666, -78.5793288989382 39.54495242919364, -78.5795387770853 39.54463423609859, -78.57986710142511 39.54407728446479, -78.57956137147777 39.54384218624118, -78.57934169895006 39.54378757215837, -78.57915249462647 39.54345966640856, -78.5791599338181 39.54324550915295, -78.579247381323 39.54312101211425, -78.57945685302926 39.54269571175251, -78.57961667174563 39.54228549378827, -78.57967729682585 39.54181517710064, -78.57982767810277 39.54142878415038, -78.57984808487956 39.54116203312759, -78.57992284654392 39.54078221430217, -78.58017685998811 39.54045856381187, -78.58058874406692 39.54022400565427, -78.58068764976142 39.54003537526916, -78.58058758316186 39.53994615363946, -78.58035918748236 39.5397425052414, -78.58015129798089 39.53952364846821, -78.57993813210929 39.53911090529574, -78.57990155176094 39.53898447728335, -78.57988778718928 39.53897344606693, -78.58011469549758 39.53865877063277, -78.58028212845144 39.53806766727266, -78.58053967254867 39.53741537622275, -78.5806700549453 39.5370532291394, -78.58091820370349 39.53667100783588, -78.58149034440771 39.53627752121773, -78.58188605007987 39.53587584124828, -78.58216404559768 39.53547172508597, -78.5824757314608 39.53495568387126, -78.58275209793145 39.53461909790295, -78.58300335275659 39.53414684222928, -78.58328127643034 39.53376523647341, -78.58379316623565 39.53338849997372, -78.58424207622433 39.53315008441896, -78.58454125337396 39.53299414522856, -78.58513070086487 39.53293883243737, -78.58571624440228 39.53299604567308, -78.58653087729779 39.53322017189459, -78.58688727033943 39.53328420752759, -78.58752306803514 39.53339844563934, -78.58772949356535 39.53338020246418, -78.58779535762535 39.53317886381174, -78.5878335203174 39.5327656950553, -78.58784186908986 39.53267532526215, -78.58777047670696 39.53219637031032, -78.58731993819555 39.53164196624152, -78.58703730805765 39.53132078570246, -78.58686630611153 39.5311775892479, -78.58664024363691 39.53090262627977, -78.58659708565354 39.53046929938301, -78.5866403358453 39.53006029207464, -78.5868036398016 39.52958620221128, -78.58717971684035 39.52890932960551, -78.58764737456468 39.52804650057178, -78.58764803914417 39.52804525265383, -78.58803766632882 39.52803621425563, -78.58846961424462 39.5280261955515, -78.58921429900791 39.52806417715755, -78.58986711849529 39.52817231000495, -78.59046051936411 39.52827471069971, -78.5912582460285 39.52850296298492, -78.59196870222763 39.5288150102508, -78.5919692626434 39.52881525608282, -78.59202246152013 39.52883862262289, -78.59204797391574 39.52881525590136, -78.59206448322321 39.52880013503253, -78.59220024308442 39.52867579203229, -78.59257573242162 39.52846424536842, -78.5930843240839 39.52799805781321, -78.59368764142553 39.52746231483894, -78.59407401144296 39.52696974631495, -78.59457929494681 39.52659882749405, -78.59492749254031 39.52632000172967, -78.59540693624025 39.52580552777832, -78.59579081263574 39.52538441028256, -78.59642065640814 39.52509941719255, -78.59683762094679 39.52505542352024, -78.59779466955322 39.52498512859422, -78.59816077761563 39.52476296527198, -78.59865004973928 39.52442622771855, -78.59946063500182 39.52428081959764, -78.5999614455929 39.52445332570016, -78.60051698970963 39.524789120198, -78.60123355462918 39.52477689040573, -78.60194749054035 39.5248411762358, -78.60292487818364 39.52504603852144, -78.60387262005639 39.52524467275391, -78.60405804559454 39.5252155389922, -78.60416471686057 39.52504006792824, -78.60449528372291 39.52449733492028, -78.60508658920975 39.52379330235864, -78.60614195510389 39.52261685520683, -78.60706566886179 39.52178001352997, -78.60787020684826 39.52094072733281, -78.60867225226676 39.52017344842, -78.60874590082361 39.52006618575432, -78.60930051237833 39.51925844492049, -78.60995612459755 39.5183935517629, -78.61070085851897 39.51755750630231, -78.611267035563 39.51671328625914, -78.61222978917323 39.51560244028025, -78.6128595095396 39.51464240341041, -78.61386909403093 39.51392439998882, -78.61480652525547 39.51355174880206, -78.61535370862651 39.51323864646105, -78.61587492311632 39.51283492855818, -78.6164903901838 39.51228899480549, -78.61730086614874 39.51126957309091, -78.61785828428819 39.51067738634391, -78.6187173753777 39.50997877907459, -78.61939773669688 39.5092764930641, -78.62002883184891 39.50827139675288, -78.62033541819211 39.50714703455709, -78.62059887007686 39.50641368808596, -78.62097661264474 39.50584484237507, -78.62146108693483 39.50562051931809, -78.62177526324787 39.50516748834161, -78.62206693389268 39.50447976887579, -78.62236088667036 39.50372450460991, -78.62262746753017 39.50291914144996, -78.62309379005109 39.50235210071513, -78.62350849556557 39.5015722840599, -78.62404765769075 39.5006373525078, -78.62443525610715 39.5, -78.625 39.5, -78.625 39.5625))",28.26273462446001,3478.65,0.008124627261857332,64,0.24008272938928546
27923,39.59375,-79.21875,1982-07-03,39.2,1982,7,3,"POLYGON ((-79.1875 39.59685475052583, -79.1875 39.5625, -79.21681601768161 39.5625, -79.21568410265449 39.56327562176088, -79.21515426516923 39.56367611787548, -79.2135762383691 39.56506782224111, -79.21230821735699 39.56649589932867, -79.21164634984578 39.56725860987559, -79.21142798177441 39.56755212215392, -79.21076486426536 39.56831668270533, -79.20996616422626 39.56907068606036, -79.20876198417832 39.57008248198778, -79.20763730808459 39.57105073191826, -79.20668635228425 39.57190930854479, -79.20571282830481 39.5728587478849, -79.20490459503839 39.57379305683961, -79.20407508974584 39.57471010744194, -79.20314671555494 39.57546869945719, -79.20238824768066 39.57620726836452, -79.20198956351176 39.57693598589572, -79.20155553204049 39.57792002900382, -79.20118629277162 39.57850454724208, -79.20070486773302 39.57921380751116, -79.19978991862259 39.57983203462837, -79.19920063168743 39.58049745531338, -79.19880685104378 39.58097618688743, -79.19833138174423 39.58145365498783, -79.19821155105072 39.58187339348937, -79.19797132625945 39.5827339392879, -79.19768918047649 39.58310900283454, -79.19723654773573 39.58375545981749, -79.19654468568132 39.58426975109994, -79.19623843872121 39.58463001359379, -79.19542583172532 39.58530331365359, -79.19425135276552 39.58619219677863, -79.19320847562744 39.5868603095256, -79.19200461774371 39.58779539173153, -79.19081915656034 39.58901806203465, -79.19005524410524 39.58996635742822, -79.18995006747141 39.5903713052587, -79.18970936072306 39.59097570884038, -79.18957866517859 39.59136168165232, -79.18932073568962 39.59168076068126, -79.18880200347481 39.59227137905657, -79.18825827081449 39.59295819870024, -79.18810196040974 39.59394080405728, -79.18825358142499 39.59441188826528, -79.18820585811221 39.59515228363667, -79.18794299080793 39.59590044796003, -79.18787517985747 39.59630797597154, -79.18776780110515 39.59639310228741, -79.18774493645073 39.59654526096517, -79.1875 39.59685475052583))",7.043531515824335,3478.65,0.002024788787553889,43,0.07937172201690369
28288,39.59375,-79.15625,1982-07-03,35.325,1982,7,3,"POLYGON ((-79.15121735786141 39.625, -79.125 39.625, -79.125 39.5625, -79.1875 39.5625, -79.1875 39.59685475052583, -79.18714695623254 39.59730083913437, -79.1865668541638 39.59774048015536, -79.18541178441725 39.59814683514188, -79.183795842384 39.59858797914057, -79.182367649995 39.59893669257169, -79.18166898289212 39.59917627389204, -79.1806910697359 39.59976013743624, -79.17871054684825 39.6011420587509, -79.17684076773885 39.60282973270257, -79.17639832548886 39.60315543065121, -79.17463851485789 39.60462465404038, -79.17353484551683 39.60573664485435, -79.17284288922548 39.6065240512902, -79.17198149144163 39.60705543545115, -79.17138101830854 39.60731531464384, -79.17068403001144 39.60750718127443, -79.17005874030247 39.607787201156, -79.16999841546064 39.60782502628815, -79.16957035766255 39.60800274369959, -79.16900980287622 39.60835370846792, -79.16841358124165 39.60868490239131, -79.16807184625239 39.60914992138104, -79.16780804210903 39.6093738585414, -79.16740053470023 39.609769756607, -79.16700384138585 39.61008775658092, -79.16684932194009 39.61033761557763, -79.1662422661812 39.61071203147633, -79.16598783765612 39.61086896015262, -79.16560241049443 39.61142892208906, -79.16507122603727 39.61202180192826, -79.16504460720002 39.61201428631006, -79.16504191782133 39.61204668950623, -79.1643941607154 39.61254651299713, -79.16348827298555 39.6133653717612, -79.16299847277473 39.61393100879788, -79.16241930504658 39.61454750643542, -79.16219619575759 39.61493676161934, -79.16197592948524 39.61537357836007, -79.16140893581752 39.61567986386964, -79.16078330071275 39.61603590995137, -79.16033927386177 39.61633777867961, -79.15962995622844 39.61683978347559, -79.15875041698285 39.61758617956017, -79.15831634849448 39.61805448300754, -79.15750905719625 39.61846468039967, -79.15709289881312 39.61871788233338, -79.15665025126791 39.61904351985991, -79.15626910171612 39.61936694482918, -79.1558936350698 39.61978548041196, -79.15542308466206 39.62015977327346, -79.15473220961802 39.62097085995703, -79.15387334845697 39.62154967337405, -79.15355507933479 39.62189467020978, -79.1534227106044 39.62225684192363, -79.15338827385733 39.62271081270703, -79.15329377468326 39.62319076172165, -79.1528345796528 39.62375526018394, -79.15247985674506 39.62400624226765, -79.15200356507812 39.62428541097272, -79.15140998011057 39.62466408519657, -79.15121735786141 39.625))",53.581420794808984,3478.65,0.015402935275123679,44,0.5441087003452509
28653,39.59375,-79.09375,1982-07-03,28.975,1982,7,3,"POLYGON ((-79.125 39.625, -79.0625 39.625, -79.0625 39.5625, -79.125 39.5625, -79.125 39.625))",62.817871026393725,3478.65,0.01805811766817407,45,0.5232339663239689
29018,39.59375,-79.03125,1982-07-03,32.975,1982,7,3,"POLYGON ((-79.0625 39.625, -79 39.625, -79 39.5625, -79.0625 39.5625, -79.0625 39.625))",62.817871026393725,3478.65,0.01805811766817407,46,0.5954664025535391
29383,39.59375,-78.96875,1982-07-03,29.75,1982,7,3,"POLYGON ((-79 39.625, -78.9375 39.625, -78.9375 39.5625, -79 39.5625, -79 39.625))",62.817871026376906,3478.65,0.018058117668169234,47,0.5372290006280347
29748,39.59375,-78.90625,1982-07-03,31.725,1982,7,3,"POLYGON ((-78.9375 39.625, -78.875 39.625, -78.875 39.5625, -78.9375 39.5625, -78.9375 39.625))",62.817871026376906,3478.65,0.018058117668169234,48,0.5728937899112941
30113,39.59375,-78.84375,1982-07-03,21.45,1982,7,3,"POLYGON ((-78.875 39.625, -78.8125 39.625, -78.8125 39.5625, -78.875 39.5625, -78.875 39.625))",62.817871026393725,3478.65,0.01805811766817407,49,0.3873466377595842
30478,39.59375,-78.78125,1982-07-03,23.45,1982,7,3,"POLYGON ((-78.8125 39.625, -78.75 39.625, -78.75 39.5625, -78.8125 39.5625, -78.8125 39.625))",62.817871026393725,3478.65,0.01805811766817407,50,0.4234628730959324
30843,39.59375,-78.71875,1982-07-03,24.25,1982,7,3,"POLYGON ((-78.75 39.625, -78.6875 39.625, -78.6875 39.5625, -78.75 39.5625, -78.75 39.625))",62.817871026376906,3478.65,0.018058117668169234,51,0.43790935345310394
31208,39.59375,-78.65625,1982-07-03,24.35,1982,7,3,"POLYGON ((-78.6875 39.625, -78.625 39.625, -78.625 39.5625, -78.6875 39.5625, -78.6875 39.625))",62.817871026376906,3478.65,0.018058117668169234,52,0.43971517210854605
31573,39.59375,-78.59375,1982-07-03,25.225,1982,7,3,"POLYGON ((-78.625 39.625, -78.61606306414804 39.625, -78.61636254227308 39.6246764908599, -78.61672016458354 39.62413559649967, -78.61702435177749 39.62370213139487, -78.61742234436663 39.62341722549564, -78.61781371133617 39.62332518626948, -78.61808475556482 39.62323782329569, -78.61835947559825 39.62304331135856, -78.61850193766016 39.62293187256857, -78.61877044527394 39.62277132834927, -78.61891323967711 39.62220219164779, -78.61920514876981 39.62177912343054, -78.6193389583332 39.6214720023647, -78.61952947854574 39.62130904994672, -78.62000045233539 39.62105650432523, -78.62037332141171 39.62096879949997, -78.62041404627844 39.62093396609479, -78.62043985135108 39.62088837021608, -78.62033683216579 39.62062212977471, -78.61973002728485 39.62037898501754, -78.61856876547239 39.61993796103987, -78.61760608786585 39.61954464608932, -78.61641490259252 39.61930702008687, -78.61510990716481 39.61911365678864, -78.6136457750781 39.61920869376377, -78.61232443341069 39.61930399090014, -78.61149709263347 39.61916570800369, -78.61104002734248 39.6190132879923, -78.61045894769097 39.61888215153456, -78.60965514687587 39.61894022691978, -78.60894462238836 39.6192020656656, -78.60698379614017 39.61926295352234, -78.60507330928007 39.61926392879391, -78.60363193936738 39.6192186709445, -78.60275434978075 39.61911248293313, -78.60242727596179 39.61894847624121, -78.60069421425656 39.61809841067757, -78.59932707271207 39.61769053712799, -78.59813636141146 39.61742577574994, -78.59689168277333 39.61677082702759, -78.59601694423331 39.61611343181723, -78.59543116614869 39.61569013397491, -78.59484484651563 39.61532551841903, -78.59462193444118 39.61483262202199, -78.59471033751848 39.61433128548183, -78.59484436188247 39.61410243110827, -78.59495117894446 39.61384748928764, -78.59498654409386 39.61362663717416, -78.59497615914167 39.61331741224037, -78.59496765978784 39.61310444458008, -78.59533069678503 39.61258142316734, -78.59606250127287 39.61169395842651, -78.59645066005658 39.61115056821455, -78.59668486310501 39.61021648875427, -78.59670818624076 39.60980953043651, -78.59652942748536 39.60945031831597, -78.5960407820365 39.60926285569862, -78.59569546218667 39.60895831158641, -78.59556458652023 39.60850740251951, -78.59549800542291 39.60799160896959, -78.59528658246438 39.60780005418003, -78.59418869918701 39.60748732187976, -78.59322473465642 39.6072784820272, -78.59259381410335 39.60691010304625, -78.59243627518252 39.60658007943484, -78.59246224941923 39.60619764715929, -78.5926051390832 39.6058074750846, -78.59271484516621 39.60470930735542, -78.59266289212067 39.60360709826099, -78.59272792720395 39.60238497959278, -78.59263031475686 39.60177988508529, -78.59214233142545 39.60136562669798, -78.59153230394503 39.60118612475232, -78.59131725621759 39.6011023168386, -78.59121940838713 39.60106419098795, -78.59090792244071 39.60106919574058, -78.59057817762381 39.60132821819044, -78.59057201410114 39.6013330494512, -78.5902316720167 39.60137366570951, -78.59018399142288 39.60112602105248, -78.59043788199257 39.60075820293204, -78.59064162231192 39.6002141984783, -78.59047586842435 39.59966253534876, -78.59061306848976 39.5992601612027, -78.59065813053324 39.59905550802885, -78.59078591326049 39.59884337449099, -78.59092377625964 39.59867428050941, -78.59112809620284 39.59837826454863, -78.59121832971165 39.59799575715255, -78.59119974171924 39.59771716140339, -78.59064950849857 39.59729284273484, -78.59011875067802 39.59709768857358, -78.58980966716058 39.59672433506488, -78.58982149318348 39.59616561222807, -78.58983972562949 39.59570565498581, -78.58952901438089 39.59553961186162, -78.58890287500481 39.59564913283248, -78.58836105662287 39.59592258277624, -78.58781139570905 39.59628640875728, -78.58731814614403 39.59664379921293, -78.58721129233012 39.59673936814801, -78.58687455671391 39.59689427500989, -78.58673111116775 39.59692135861152, -78.58653341052181 39.59695869023119, -78.58642266108922 39.59659884989057, -78.58668467962708 39.59615140989701, -78.5869430495358 39.59588156987348, -78.58751215803245 39.59478687629122, -78.58836260698557 39.59330153640107, -78.58889653930407 39.59155568570046, -78.58962498875164 39.59024959390362, -78.59062073875447 39.58838577979784, -78.59074729333841 39.58817026188007, -78.59173515932993 39.5876216996224, -78.59222010696791 39.58737250287964, -78.59302620778539 39.58690172012406, -78.5937326359799 39.5864969625498, -78.59437096259174 39.58629437174141, -78.59461484236016 39.5862895848033, -78.5953167871712 39.58640295319488, -78.59602794495308 39.58622772369506, -78.59678586949276 39.58560535249867, -78.59758713328954 39.58485986664476, -78.5984715100021 39.58387632648406, -78.59870024406949 39.58339574692675, -78.59876396159117 39.58176090222295, -78.59878529543319 39.58150818971348, -78.59881160521032 39.58120565324218, -78.59885876981086 39.58072593029389, -78.59875484627462 39.58031215659799, -78.59873393637768 39.58002569313589, -78.59854260852865 39.57945430505385, -78.59880666199456 39.57881155044056, -78.59891626498381 39.5783132523681, -78.59912315293194 39.57767394890843, -78.59930170953872 39.57696255072211, -78.59951516167831 39.5761326972702, -78.59956683324131 39.57549269724629, -78.59930412573769 39.57513301240978, -78.59900456143782 39.5744578693571, -78.59876989524481 39.57394075427847, -78.59888118146146 39.57339266245604, -78.59903011964792 39.57282390285012, -78.59914489208872 39.57216113082547, -78.59875468601267 39.57133570465142, -78.59811944378227 39.57095460809309, -78.59728573616054 39.57049401404123, -78.59725468319552 39.57000862667324, -78.59738859821361 39.56929293899633, -78.59729750539061 39.56914264962252, -78.59678707395634 39.56907286110577, -78.59619340687334 39.5687984540418, -78.59557971033873 39.56835373558839, -78.59523275977043 39.56824740715771, -78.59486994299921 39.56836660789239, -78.59449336357422 39.56839178262803, -78.59389131140267 39.56827534639561, -78.59316404951151 39.56784760005828, -78.59236665008957 39.567327266386, -78.59219235289559 39.56697697826642, -78.59236003802719 39.56644926758939, -78.59245787732144 39.56584733415308, -78.59252857978561 39.56502098414382, -78.59272669468298 39.56429429947489, -78.59287289764495 39.56381235653951, -78.59272529446579 39.56362781625536, -78.591894332763 39.56372107319466, -78.59133835361594 39.5636939233263, -78.59076272680775 39.56378206410385, -78.59045893153014 39.56375432099723, -78.58990012878186 39.56335673161934, -78.58960466483677 39.56282165004804, -78.58954699270318 39.56262030749848, -78.58954798949016 39.5625, -78.625 39.5625, -78.625 39.625))",28.437543714869125,3478.65,0.008174879253408398,53,0.2062113322856958
31938,39.65625,-79.15625,1982-07-03,31.05,1982,7,3,"POLYGON ((-79.125 39.64383097275616, -79.125 39.625, -79.15121735786141 39.625, -79.15115887625353 39.62510198633802, -79.15096784003154 39.62551390612329, -79.15034348626601 39.62589367412517, -79.14992155432266 39.62605174877692, -79.14912637768059 39.62615168403914, -79.14845134881179 39.62619965867254, -79.14781132877464 39.62631786884159, -79.14738938745244 39.6264759257847, -79.14691021213025 39.62670751939041, -79.14675644350513 39.62676512172631, -79.14670471255265 39.62682492710522, -79.14596633009636 39.62731065167726, -79.14523498183844 39.62760233104061, -79.14419812894673 39.62789609400087, -79.14329595756686 39.62819858394835, -79.14243708257 39.62890922784732, -79.14203314520391 39.62969365172442, -79.14182778488079 39.63058805066552, -79.14139533364903 39.63149499982548, -79.14086303350066 39.63193733037869, -79.14002490761901 39.63234088194205, -79.13881748854457 39.63259563141993, -79.13770205160229 39.63280210571769, -79.13643100774351 39.63327527654386, -79.13528731472839 39.63368536275352, -79.13346890030634 39.63417784866611, -79.13244635944389 39.63457013577641, -79.13145182275258 39.63495673326738, -79.13021583085579 39.63523956095151, -79.12945628862293 39.63568078960839, -79.12850458074846 39.63667377688327, -79.12792299615029 39.63779768391252, -79.12750454615021 39.63891593037496, -79.12729915961532 39.64013448207709, -79.12694048848446 39.64085418806443, -79.12691010100394 39.64170629613739, -79.12656486930275 39.64239845517997, -79.1259793440157 39.6430137850961, -79.125 39.64383097275616))",3.0924276284413663,3478.65,0.000888973489267781,33,0.02760262616353165
32303,39.65625,-79.09375,1982-07-03,30.075,1982,7,3,"POLYGON ((-79.0625 39.66854936038884, -79.0625 39.625, -79.125 39.625, -79.125 39.64383097275616, -79.12499304121592 39.64383677932912, -79.12456284736473 39.6444420976343, -79.12244918990893 39.64515664154494, -79.12197615565016 39.64530397871192, -79.1201431755096 39.64615278620937, -79.11731592324661 39.64825692947625, -79.11664549724394 39.64861854850929, -79.11522779438012 39.64956483398373, -79.11404331079081 39.65053457764393, -79.11339228016773 39.65098986560669, -79.11178355021954 39.65165484960544, -79.11156595821295 39.6516603060495, -79.11152212388944 39.65168109050504, -79.11050170297189 39.65178367699358, -79.10948192982586 39.6518624311398, -79.10903976905632 39.65192923165119, -79.10876974800719 39.65197001842179, -79.10839531813261 39.65213078782376, -79.10826552767804 39.65236704572084, -79.10801359889028 39.6526723121987, -79.10781904894483 39.65290803264889, -79.1074702442294 39.65325990763908, -79.10712402435531 39.65351648242684, -79.10646696178173 39.65386333370637, -79.10609316546967 39.65406288131387, -79.10537036426309 39.65458623093554, -79.10529863501418 39.65459319142694, -79.10512617782442 39.65448736947417, -79.1051374834181 39.65437572964692, -79.10485305187977 39.65423741813643, -79.10470884434247 39.65423809430037, -79.10387008503608 39.65431739933648, -79.10358504700768 39.65431167768836, -79.10305996895107 39.65430113018951, -79.10213573123319 39.65418510988722, -79.10131809949476 39.65399339350338, -79.10033015149634 39.65374480735149, -79.09968281372772 39.65336694564297, -79.09910717132281 39.65306310277983, -79.09906246898447 39.65286035968364, -79.09892075350224 39.65240512863921, -79.09856523095273 39.65187488407511, -79.09826090974902 39.65172687152003, -79.09816378669375 39.65173153202797, -79.09751985348264 39.65176241075799, -79.0971165366566 39.65185115190753, -79.09667651271744 39.65215382895306, -79.09611842804327 39.65226386715189, -79.09556294592656 39.65227859369043, -79.09485270117113 39.65231461623669, -79.09435886812452 39.65233035210058, -79.09395816114611 39.65232377013126, -79.093432203326 39.65238664987091, -79.09293574896903 39.65249768281166, -79.09282135211048 39.65253337985738, -79.09255461480544 39.65281722546749, -79.09252538546315 39.65349376232612, -79.09235485677783 39.65397247597205, -79.09206045158844 39.65440988651014, -79.0918845361448 39.65484033026763, -79.09134217559061 39.6554988581431, -79.09086537575814 39.65601544399943, -79.09051580759629 39.65639109820388, -79.09016427110527 39.65683823276788, -79.08965138379196 39.65754491905194, -79.08917259166117 39.65813297172549, -79.08881710496432 39.65872305971659, -79.08830812617046 39.6592867738223, -79.08792573648397 39.65973339278523, -79.08757087984662 39.66029964635037, -79.08700219008998 39.66079086660363, -79.08665060774544 39.66123798241637, -79.08607994652805 39.66180067782045, -79.0857283423036 39.66224779259124, -79.0852842618612 39.66269338139421, -79.08470765605976 39.66347051058451, -79.08435077169673 39.66410822784125, -79.08393552609806 39.66462580427017, -79.08298695645681 39.66546829223957, -79.08188685991159 39.66621291658836, -79.08163231632356 39.66649476218135, -79.08122361931525 39.66677405893898, -79.08063126125657 39.66700264011852, -79.0799208580966 39.66703856995195, -79.07941768424085 39.6673878054758, -79.0793047435848 39.66812490086019, -79.07916097161839 39.66886148168581, -79.07883550380721 39.66947586553204, -79.0784798514199 39.67006591185243, -79.07793526304718 39.67079586174694, -79.07754943441313 39.67136156949945, -79.07710193065657 39.67192625438425, -79.07650423305638 39.67234543075633, -79.07553720021885 39.67273463549731, -79.07456155146681 39.67343357943355, -79.07374137877274 39.67408742314596, -79.07321125503252 39.67429316255704, -79.07303705959096 39.67423745112699, -79.07273694909665 39.67414148555077, -79.07067835034297 39.6707258176333, -79.07010232949852 39.67001208433165, -79.06932737495833 39.66947650469237, -79.06864349096247 39.66921971097572, -79.06813991286177 39.66920304260988, -79.06730748834319 39.66918919119016, -79.06647373909902 39.66922298049587, -79.0657331482287 39.66923447905262, -79.06511586592903 39.66924803376109, -79.06474856258615 39.66914655885515, -79.06413927031197 39.6688741952529, -79.06300321299649 39.66868838435278, -79.0625 39.66854936038884))",33.67782486429983,3478.65,0.009681291553993597,34,0.29116485087259675
32668,39.65625,-79.03125,1982-07-03,29.15,1982,7,3,"POLYGON ((-79.03130756276414 39.6875, -79.02913263236221 39.6875, -79.02870951586389 39.68737194633908, -79.02752936627836 39.68692216200666, -79.02674017054028 39.6866523975162, -79.02573796885007 39.68632245182722, -79.02457901686591 39.68599343856141, -79.02368274188875 39.68593452042909, -79.02247382656019 39.68584591291008, -79.02143560783774 39.68602604643059, -79.02076684065162 39.68635547891292, -79.02020486325773 39.68687478565747, -79.0195356277101 39.6875, -79.00278372344361 39.6875, -79.00256870685864 39.68720608942559, -79.00212125196782 39.68646064138526, -79.00174484742317 39.68575312669795, -79.00156754507135 39.68518726942973, -79.00147546021628 39.68474470401167, -79.00133362173518 39.68403356516531, -79.00118478971412 39.6835569653491, -79.00112950802833 39.68349577985223, -79.00087919257314 39.68322973784487, -79.00072312386715 39.68310006166537, -79.00057401772136 39.68297903862285, -79.00017579745851 39.68264617785038, -79 39.68246212730951, -79 39.625, -79.0625 39.625, -79.0625 39.66854936038884, -79.06236043058898 39.66851080118448, -79.06103607985494 39.66844101672459, -79.06026532525075 39.66842813713089, -79.05948858124636 39.66862969444691, -79.05895713381916 39.66888302458314, -79.05836001208696 39.66927827173587, -79.05779706889881 39.66955490402983, -79.05683330618596 39.66982482830977, -79.05636679367875 39.66997237900473, -79.05593997496753 39.67029691753476, -79.05520045630011 39.67109285105512, -79.05452475832185 39.67202616709933, -79.05404858023896 39.67309637284535, -79.05392761777183 39.67405076451368, -79.05333762115517 39.67428754153728, -79.05248413556873 39.67435335279902, -79.05205424926079 39.67433735520582, -79.05142739069956 39.67450168210924, -79.0508650473452 39.67475445185111, -79.0502618007397 39.67536409320174, -79.04942193912683 39.6756121985804, -79.04861692676562 39.67571785675914, -79.04807944931127 39.67582925639454, -79.04774884854827 39.67598696845456, -79.04679595030167 39.67587601901431, -79.04599968582525 39.67560666599037, -79.04513233801708 39.67499309668597, -79.04484562791205 39.6747748506375, -79.04460402194654 39.67472068093382, -79.04439020966431 39.67464556845533, -79.04382782775619 39.67489830382144, -79.04335995500182 39.6750811212556, -79.04283379083299 39.67514376453039, -79.04203011986934 39.6752017194839, -79.04150260388275 39.6753120118169, -79.04081889736736 39.67549117525562, -79.04015726451593 39.67598058827754, -79.03969004995425 39.67613955982794, -79.03937893279726 39.67634082196152, -79.03898117978693 39.67741850369227, -79.03890993051834 39.6784972632795, -79.03866057174565 39.67979825264148, -79.03830497443545 39.68039612188345, -79.03794890496131 39.68131367616337, -79.03790623048205 39.68216161753961, -79.03789181793675 39.6832698208903, -79.03772793079909 39.68413119572779, -79.0373438202346 39.6849776998828, -79.03656853996674 39.68541889831205, -79.03560833357129 39.68553790143443, -79.03481896130901 39.68574097229817, -79.03439228558518 39.68594500015623, -79.03343887623006 39.68646442597695, -79.03265680377827 39.68700507357487, -79.03188146998518 39.68737879477964, -79.03130756276414 39.6875))",56.88798891125326,3478.65,0.016353467267834723,35,0.4767035646190295
33033,39.65625,-78.96875,1982-07-03,24.925,1982,7,3,"POLYGON ((-78.97627603641486 39.6875, -78.96727117640677 39.6875, -78.96659834768207 39.68680810569505, -78.96569378774505 39.68595191423424, -78.96482814917883 39.68681456867655, -78.96403286953888 39.6875, -78.9375 39.6875, -78.9375 39.625, -79 39.625, -79 39.68246212730951, -78.99996204065231 39.6824223859018, -78.99950619737992 39.68225045469809, -78.99912322844482 39.68212859749234, -78.99828676647954 39.68168454627556, -78.99739338000157 39.68134613699547, -78.99721524786435 39.68142433627067, -78.99671662831594 39.6816081579187, -78.99615414407496 39.68178960357545, -78.99548611599906 39.68179007708084, -78.99482659182046 39.68154280528407, -78.99402520876477 39.68123268036182, -78.99324670233075 39.6806335037958, -78.99310436777066 39.68063833414002, -78.99270576792554 39.68077823060894, -78.99214994749666 39.68100898364952, -78.99172228224951 39.68119930732752, -78.99165518128343 39.68123225641144, -78.99135171747749 39.68146325818579, -78.99103163683397 39.68186295302154, -78.99052998651776 39.68214031339464, -78.98982010322801 39.68215186612436, -78.98917256886887 39.68214064375377, -78.98809611561752 39.68202665072145, -78.98701552457551 39.68205558818678, -78.98633993237746 39.68194852190098, -78.98611552426775 39.68185690733306, -78.98553508370641 39.68183547446773, -78.98435007808028 39.68149793213488, -78.98372175780106 39.68098883376792, -78.98356785410759 39.68112223104196, -78.98351808045011 39.68158966221566, -78.98344429202541 39.68202901106318, -78.98327734391329 39.68263364052599, -78.98298313734624 39.68305353223501, -78.98244762631541 39.6834862252198, -78.98182663384708 39.68390834846404, -78.9806783481735 39.68458710287288, -78.97960778905905 39.6853444959016, -78.97805924294079 39.68633867520832, -78.97715986675186 39.68697308241602, -78.97627603641486 39.6875))",61.01024311836652,3478.65,0.017538482778769498,36,0.43714666988002926
33398,39.65625,-78.90625,1982-07-03,25.25,1982,7,3,"POLYGON ((-78.9375 39.6875, -78.875 39.6875, -78.875 39.625, -78.9375 39.625, -78.9375 39.6875))",62.87463477320358,3478.65,0.018074435419833435,37,0.4563794943507942
33763,39.65625,-78.84375,1982-07-03,22.5,1982,7,3,"POLYGON ((-78.875 39.6875, -78.8125 39.6875, -78.8125 39.625, -78.875 39.625, -78.875 39.6875))",62.87463477322042,3478.65,0.018074435419838275,38,0.4066747969463612
34128,39.65625,-78.78125,1982-07-03,23.125,1982,7,3,"POLYGON ((-78.8125 39.6875, -78.75 39.6875, -78.75 39.625, -78.8125 39.625, -78.8125 39.6875))",62.87463477322042,3478.65,0.018074435419838275,39,0.4179713190837601
34493,39.65625,-78.71875,1982-07-03,26.025,1982,7,3,"POLYGON ((-78.75 39.6875, -78.6875 39.6875, -78.6875 39.625, -78.75 39.625, -78.75 39.6875))",62.87463477320358,3478.65,0.018074435419833435,40,0.4703871749063152
34858,39.65625,-78.65625,1982-07-03,23.975,1982,7,3,"POLYGON ((-78.6875 39.6875, -78.62985791526629 39.6875, -78.63007441722763 39.68724086804583, -78.63043203408014 39.68697879670447, -78.63071893613129 39.68659983587006, -78.63100451222752 39.6862593250385, -78.63129074452718 39.68589959024538, -78.63154551791315 39.68573162425631, -78.6321376026355 39.68516647548064, -78.63251942575218 39.68492412701595, -78.63302896209704 39.6845881825321, -78.63336101336918 39.6843448278844, -78.6340205037243 39.68399269151932, -78.63460007678113 39.68379285215041, -78.63484892764674 39.68379792367706, -78.63517440332349 39.68374683780005, -78.63540165710457 39.68365526247395, -78.63553591987653 39.68336938205351, -78.63572454479383 39.6829499192533, -78.63586822131957 39.68275857007659, -78.63585257857365 39.68273737843015, -78.63585012752608 39.68273405759997, -78.63598379269888 39.68213985631909, -78.6365730725467 39.68129274916186, -78.63720653266031 39.68048930652338, -78.63772184398238 39.67927961088342, -78.63774303660871 39.67836930451571, -78.63779740160216 39.67767916687122, -78.63784490405767 39.67741206156879, -78.63815109406539 39.67725731423803, -78.63829608741949 39.67714039943434, -78.63838227334547 39.67694547324906, -78.63816651173265 39.67680474021287, -78.63786870843654 39.67662792708364, -78.63739014970589 39.67629087982601, -78.63693228635674 39.67621057631377, -78.63670498444218 39.67575835264338, -78.63683299136618 39.67520442428268, -78.63672837141144 39.67465406396823, -78.63666773509817 39.67425039943689, -78.63675798223841 39.67350948569674, -78.6372522441746 39.67256622967809, -78.63805160471485 39.67159093465984, -78.63865627768146 39.67051812324383, -78.63921579631993 39.66936579833732, -78.63953267615904 39.66845518735285, -78.64018174606943 39.66700689976695, -78.64019996851123 39.66681492055179, -78.64026481511166 39.66628860997948, -78.64054514690891 39.66575553345636, -78.64094861607707 39.66521858278677, -78.64129926173662 39.66485011346424, -78.641523028186 39.66441412869941, -78.64171724055456 39.66400290752282, -78.64185857215865 39.66377320728085, -78.64200131729679 39.6635411997444, -78.64211068530244 39.66327563287924, -78.64224334564732 39.66286633262735, -78.64216677003955 39.66258276916783, -78.64177487046263 39.66216612492408, -78.64146177215829 39.66187664515995, -78.64145937318415 39.66186909099607, -78.6414670303281 39.6618106243108, -78.64133968286362 39.66151252134572, -78.64132967929218 39.66132218279712, -78.64147108377855 39.66107943671845, -78.64203448801388 39.66090688479156, -78.64210130868567 39.66086729197589, -78.64265417603046 39.66051211295773, -78.64308423622535 39.66016645287762, -78.64337249435911 39.65977241071638, -78.64400665081521 39.65926088258752, -78.64442264514895 39.65881643709329, -78.64473890780566 39.65858449490554, -78.64524411790383 39.6582372034496, -78.64569225665407 39.65808326523278, -78.6460814845351 39.65772032603467, -78.64614826760554 39.65764087279442, -78.64634027231745 39.65751864747815, -78.64705270050931 39.65699579837514, -78.64746358348981 39.65660158204979, -78.64765900524961 39.65621414001859, -78.64795051770123 39.6558951749302, -78.64817670921467 39.65550676409875, -78.64849649547106 39.6551392447894, -78.648743446902 39.65455953701742, -78.64899915185805 39.65414636884029, -78.64931266490177 39.65365988389213, -78.64959037774689 39.65307920627482, -78.64954341686563 39.65287173131483, -78.64955228973066 39.65285478858965, -78.6494944614722 39.65235624068242, -78.6492671323966 39.65187374513057, -78.64906591344963 39.65128556827136, -78.64883987694283 39.65032451639315, -78.64848946631817 39.64924113136401, -78.64780276117014 39.64810993124813, -78.64696819029177 39.64728504392623, -78.64597067865351 39.6467489902511, -78.645206053661 39.64639466435518, -78.64399677058974 39.64593276729428, -78.64345116227717 39.6452519087164, -78.64302055305731 39.64467882913566, -78.64271494682167 39.64453768899108, -78.64202105070493 39.64451765366168, -78.6410787532797 39.64470047813606, -78.64049129011966 39.64457480616257, -78.6395358040287 39.64426255768702, -78.63826236854139 39.64404584828561, -78.63729502643936 39.64382384359489, -78.63612790581199 39.64332918816825, -78.63503551085 39.64270582740706, -78.63464935474211 39.64212344466198, -78.63453428533857 39.64133615624864, -78.63412912922318 39.64118557878053, -78.63354698399222 39.64114480265486, -78.63287091932722 39.64120996523331, -78.63255944721375 39.64139660846785, -78.63215924682892 39.64147422684098, -78.63117990628581 39.64145424616248, -78.63077533786922 39.64138881036746, -78.63018323421711 39.64130426238101, -78.6291678319387 39.64114239946502, -78.62727837370718 39.64157071093154, -78.62573782060048 39.64215468952703, -78.62541559598019 39.64215344630683, -78.62501089166607 39.64187165634117, -78.625 39.64184915755011, -78.625 39.625, -78.6875 39.625, -78.6875 39.6875))",51.13455149308033,3478.65,0.014699539043330122,41,0.3524214541712688
35223,39.65625,-78.59375,1982-07-03,24.375,1982,7,3,"POLYGON ((-78.61606306414804 39.625, -78.625 39.625, -78.625 39.64184915755011, -78.62493832058517 39.64172174708245, -78.6248162465115 39.64160457228104, -78.62447612289237 39.64157467700755, -78.62420033997731 39.6416149087127, -78.62371056710143 39.64183996577282, -78.6235416280921 39.64200852438652, -78.62337990992 39.64218296319638, -78.62336077143013 39.64219611531137, -78.62311560741324 39.64232090321584, -78.62280374634834 39.64233171622843, -78.6225860780233 39.64240753221173, -78.62236407560545 39.6426094002861, -78.62221153126464 39.6427324265789, -78.62187390482913 39.64284591775835, -78.6217373811474 39.64289855652408, -78.62119022261868 39.64299043867145, -78.62060034710426 39.64291355630552, -78.6201786764203 39.64275384866475, -78.61960937802156 39.64270204022439, -78.6190307130917 39.64270737034074, -78.6186001220894 39.64277944708795, -78.61837983609044 39.64287177036452, -78.61808902194855 39.64291741042403, -78.61765253801956 39.64288552155719, -78.61723868424883 39.64284262536195, -78.6167132775048 39.64280890434971, -78.61618943107807 39.64272934479485, -78.61615219882016 39.6427245688144, -78.61567811707151 39.64271663417601, -78.61544871212153 39.642710739761, -78.61506508430614 39.64264317997639, -78.61430492779681 39.64258835310147, -78.61363936839037 39.6426941614812, -78.61296959848809 39.64276066674392, -78.61276923944678 39.64280688998705, -78.6117344127714 39.64291615626205, -78.61118216163953 39.64306023528427, -78.61089353085096 39.64311862742051, -78.61059419078828 39.64321968519648, -78.61005908113752 39.64328564127708, -78.60968634835687 39.64334103875882, -78.60930213934579 39.64329872376594, -78.6091340539775 39.64322645842131, -78.6089865601114 39.64308601908966, -78.60887234139011 39.6430346963639, -78.60849679939739 39.64266108346563, -78.6081473254644 39.64196487992591, -78.60806303900924 39.64191760194322, -78.60784306241392 39.64151985754473, -78.60745465157557 39.6410871300947, -78.60726524605003 39.64082090230407, -78.60724397746841 39.64038110445849, -78.60722407694621 39.64011378888832, -78.60723119109943 39.63990751910173, -78.60731922706807 39.63972011272104, -78.60740726095307 39.63953271571516, -78.60750874073742 39.63938572493351, -78.6076003358646 39.63909518313793, -78.60768723717801 39.63877099760248, -78.60792766911368 39.63823270349422, -78.60805452048106 39.63795971788707, -78.60826651882866 39.63778936754618, -78.60867533640067 39.63746183251256, -78.60910213210295 39.63714896515454, -78.60961799370376 39.63651956850062, -78.60975140642736 39.63620457663132, -78.60977894038433 39.63601923180585, -78.61011975448605 39.63549011043423, -78.6103073044634 39.63509081222739, -78.61080804516415 39.63442918746536, -78.61115595216131 39.63399959002787, -78.61147198661833 39.63323336662026, -78.61178670224029 39.63292627131166, -78.61188778666487 39.63251399303752, -78.6121534601382 39.63194831865742, -78.61222077006879 39.63175787792779, -78.61316097493989 39.63019657014844, -78.61339847183027 39.62985732079856, -78.61396188591083 39.62947694484789, -78.61419512315996 39.62901138404958, -78.61428864256989 39.62839736099698, -78.61452008007572 39.62756220125566, -78.61460820607155 39.62710486362097, -78.61465892742945 39.6268931249996, -78.61469163983853 39.62637986037923, -78.61489495047952 39.62612419545236, -78.61521198075685 39.62586850532706, -78.61562630434986 39.62547180670281, -78.61606306414804 39.625))",3.959682388812206,3478.65,0.0011382813415584223,42,0.027745607700486542
35588,39.71875,-79.03125,1982-07-03,22.35,1982,7,3,"MULTIPOLYGON (((-79.00278372344361 39.6875, -79.0195356277101 39.6875, -79.01944383757002 39.6875857523368, -79.01839080121862 39.68816717211383, -79.01745921438277 39.68842901092216, -79.01606514505954 39.68863044998672, -79.0153467546843 39.68855174624953, -79.01468535396896 39.68846659349383, -79.01417043632601 39.6884717741372, -79.01397902466579 39.68850313581797, -79.01317449333348 39.68858471477421, -79.01202802223784 39.6887557796133, -79.01153256432239 39.68881880827653, -79.01082054671816 39.68890195903458, -79.00999125012609 39.68886888152463, -79.00960055805842 39.68893544865036, -79.00872574689369 39.68892067017396, -79.00764496421397 39.68885445009461, -79.00674883128407 39.68886747794308, -79.00566783964457 39.68887775697987, -79.00478620043418 39.68868749481443, -79.00415354996416 39.68844374795883, -79.0035490962742 39.68817188852226, -79.00297358042558 39.68775951939767, -79.00278372344361 39.6875)), ((-79.02913263236221 39.6875, -79.03130756276414 39.6875, -79.03058012523803 39.68765362975481, -79.02957706380468 39.68763450450045, -79.02913263236221 39.6875)))",0.2974596221162309,3478.65,8.551007491878484e-05,25,0.001911150207054346
35953,39.71875,-78.96875,1982-07-03,24.775,1982,7,3,"MULTIPOLYGON (((-78.9375 39.71083221687288, -78.9375 39.6875, -78.96403286953888 39.6875, -78.9635060321496 39.68795406776541, -78.96254613278872 39.6891846677449, -78.96138950998865 39.68996718787819, -78.95933103790345 39.69178468982918, -78.95786009352823 39.6939650065103, -78.9565047560309 39.6958305193638, -78.95352745033922 39.69791796617743, -78.95235470471962 39.69895753357355, -78.95041386043331 39.70010007049486, -78.94865841666073 39.70108300800486, -78.94769362104185 39.70185879868207, -78.94675592761665 39.70285893660468, -78.94614145918285 39.70333460979736, -78.94554500163787 39.70431865470777, -78.9444975205795 39.70575471846061, -78.94327575029916 39.70669704083346, -78.94226393169333 39.70727864365471, -78.94158196232844 39.70780690029775, -78.94113874483354 39.70842233295421, -78.9397257568349 39.70922684581912, -78.93864739282486 39.70992547178489, -78.93758967739427 39.7107540083693, -78.9375 39.71083221687288)), ((-78.96727117640677 39.6875, -78.97627603641486 39.6875, -78.97566927951205 39.68786173331905, -78.975026205288 39.68840153907123, -78.97450999677497 39.68912183256018, -78.97422563163239 39.6899015530486, -78.97389834473515 39.69111960566245, -78.97325978012051 39.69210964350825, -78.97286582560123 39.69236180160834, -78.97223958021813 39.69243729185239, -78.97185104971933 39.69229757628075, -78.97068135623529 39.69109028328016, -78.9705426026117 39.69083381103235, -78.96980537148926 39.69007113728072, -78.96833526939071 39.68868950048007, -78.96755180001097 39.68778857548206, -78.96727117640677 39.6875)))",5.625576268972673,3478.65,0.001617172256183483,26,0.04006544203004353
36318,39.71875,-78.90625,1982-07-03,25.225,1982,7,3,"POLYGON ((-78.9150621408229 39.75, -78.875 39.75, -78.875 39.6875, -78.9375 39.6875, -78.9375 39.71083221687288, -78.93629687239057 39.71188147583852, -78.93578282698775 39.7123612259943, -78.93549804200129 39.71297370329462, -78.93513667622057 39.71391932392853, -78.93465760008311 39.71449441275633, -78.93467158831295 39.71548958112069, -78.93454612826645 39.71603539881183, -78.93430681454997 39.71629785151275, -78.93419025133564 39.71661927402, -78.93392872446249 39.71696874459244, -78.93350661352753 39.71744020506735, -78.933506790721 39.71746267489733, -78.93234243985376 39.71834420741485, -78.93171767110674 39.71878429192684, -78.93168930126984 39.71878527944802, -78.93106404406306 39.71924321919603, -78.93066671809594 39.71961694614298, -78.93060980133806 39.71961890972679, -78.93024054550254 39.71983858326718, -78.92958665500771 39.72010391645235, -78.92833561626432 39.72052007321116, -78.92688588270552 39.72100603542398, -78.9268575118263 39.72100698961142, -78.92597607757023 39.72135651266512, -78.92594764419091 39.72135749393586, -78.92506638547408 39.72181969738222, -78.92458412809408 39.72219619104013, -78.92414453229976 39.72280002358696, -78.92411685743329 39.72283805075189, -78.92409528772782 39.72286397372594, -78.92365928757445 39.72342741036695, -78.92343808321641 39.72390322588529, -78.92339988408263 39.7245304613248, -78.92333872421227 39.72509993001671, -78.92326253172158 39.72560687465612, -78.92311004834895 39.72608936409577, -78.92277426466858 39.72679421756243, -78.92238506360157 39.72737028543145, -78.92185113939441 39.72795575132275, -78.92146198489269 39.72846876908278, -78.92104248654383 39.7289738076801, -78.92060742267017 39.72950639008028, -78.92018020147145 39.7300296995413, -78.91960056933661 39.73050412151513, -78.91928491258268 39.73073879188798, -78.91922056813125 39.73083490458525, -78.91833512399491 39.73153412606909, -78.91772807923681 39.73221449942756, -78.91705165743477 39.73271303607062, -78.91681569789399 39.73298944916389, -78.91668816090056 39.73314589324576, -78.91664741962445 39.73324391530459, -78.9161695075294 39.73373591118487, -78.91585376533565 39.73396860133666, -78.91553230091651 39.73413007991777, -78.91545749065676 39.73419265610587, -78.91482445165354 39.73456529354855, -78.91431322044754 39.73499684559359, -78.91392659920938 39.73528483170581, -78.91374041529536 39.73545618000952, -78.91326103152964 39.73599580095402, -78.91262663089907 39.73655646993825, -78.91224599466358 39.73675620694182, -78.91220001955909 39.73697283856532, -78.91243660196946 39.7373433171431, -78.91301628793339 39.73766599127682, -78.9135655187239 39.73800770087764, -78.91424453686486 39.73848462624714, -78.9148932260688 39.73902111110876, -78.91531272607648 39.73951129707334, -78.91573998879355 39.74004174664232, -78.916533529017 39.74073093896968, -78.91729630120668 39.7413626260184, -78.91756343930837 39.74181742348126, -78.91796005721694 39.74235340537961, -78.91834917400915 39.74287612788775, -78.91857056227225 39.7433820046308, -78.91855523657185 39.74389588464448, -78.9180516773602 39.74435422004571, -78.91764728186489 39.74480920121781, -78.9171590553853 39.74513642285144, -78.91653342891297 39.74552232277868, -78.91587730865352 39.74591375293723, -78.91527458929298 39.7462538413146, -78.91481683732904 39.74668809851318, -78.91479382593272 39.74736885378967, -78.91494649036953 39.74815175497034, -78.91497714605923 39.74889824469975, -78.9150621408229 39.75))",53.28217914039524,3478.65,0.015316912923230345,27,0.38636913433142406
36683,39.71875,-78.84375,1982-07-03,22.55,1982,7,3,"POLYGON ((-78.875 39.75, -78.8125 39.75, -78.8125 39.6875, -78.875 39.6875, -78.875 39.75))",62.9315761497901,3478.65,0.018090804234340934,28,0.4079476216821998
37048,39.71875,-78.78125,1982-07-03,21.7,1982,7,3,"POLYGON ((-78.8125 39.75, -78.75 39.75, -78.75 39.6875, -78.8125 39.6875, -78.8125 39.75))",62.9315761497901,3478.65,0.018090804234340934,29,0.39257046568738657
37413,39.71875,-78.71875,1982-07-03,20.9,1982,7,3,"POLYGON ((-78.75 39.75, -78.6875 39.75, -78.6875 39.6875, -78.75 39.6875, -78.75 39.75))",62.93157614977325,3478.65,0.01809080423433609,30,0.37809780159653017
37778,39.71875,-78.65625,1982-07-03,22.475,1982,7,3,"POLYGON ((-78.6875 39.75, -78.625 39.75, -78.625 39.71230472588944, -78.62500764954099 39.7122658589254, -78.62504904011863 39.7117856838637, -78.62505893322133 39.71149727759504, -78.62529684055285 39.71109808666564, -78.62535190060264 39.71094528659356, -78.62506701857404 39.71053540464699, -78.625 39.70980515899742, -78.625 39.70757027666848, -78.62504742114054 39.70747570356221, -78.62572680472748 39.70727795894869, -78.62618279149797 39.70705640211562, -78.62652866546721 39.70714043501368, -78.62710450560695 39.70705600094877, -78.6275847267802 39.70685417533338, -78.62774462496884 39.70654958553592, -78.6280591571101 39.70609423720212, -78.62827673287104 39.70555994523691, -78.62883108884247 39.70464771011503, -78.62920328500259 39.70396263981526, -78.62933761969624 39.70367677192094, -78.62978513555849 39.70297400464403, -78.62979172365863 39.70278173170931, -78.62998373800119 39.70226614185186, -78.63000149930771 39.70174700742741, -78.63035272852912 39.70094605692947, -78.63042093038744 39.7004087057703, -78.63079636692302 39.69962749690372, -78.63111348114114 39.69909522354127, -78.63137948193074 39.69860038878802, -78.63186948884224 39.69811012457151, -78.63251080073859 39.6975652278571, -78.63282196742696 39.69720599617175, -78.63316065475267 39.69677036340165, -78.63345020560084 39.69631448486032, -78.63385894944217 39.69601496867027, -78.63414587546508 39.6956359963851, -78.63437906845239 39.69537137730411, -78.63448847292507 39.69508499171937, -78.63467846340447 39.69462708622144, -78.63493982281345 39.6942668389679, -78.63474924526174 39.69401282357842, -78.63442832131746 39.69392931775267, -78.63398229436892 39.6938625027215, -78.63345831039916 39.69389029613548, -78.63281383873519 39.6938001938698, -78.63257086556592 39.69362206710108, -78.6317633453352 39.69320153378585, -78.63141753599483 39.69311752070492, -78.63085102344498 39.69293278499951, -78.63048295769408 39.69277134173711, -78.63031531569133 39.69257551486965, -78.62987193544987 39.69243177379447, -78.62908209696032 39.69222323318557, -78.62886534453166 39.69200715117747, -78.62872457634414 39.69175414614871, -78.62878816393001 39.69135139083649, -78.62859313609366 39.69050080252322, -78.62861222335916 39.68994320872333, -78.62857759425414 39.68949996187674, -78.62881671184542 39.68906230215528, -78.62887833081133 39.68871722601381, -78.6291167796934 39.68829880170896, -78.62944820707408 39.68807467832575, -78.62971088410468 39.68767598211117, -78.62985791526629 39.6875, -78.6875 39.6875, -78.6875 39.75))",61.196596390533166,3478.65,0.017592053351309606,31,0.3953814057815192
38143,39.71875,-78.59375,1982-07-03,20.225,1982,7,3,"MULTIPOLYGON (((-78.625 39.75, -78.60329965367237 39.75, -78.60340706478873 39.74975009837858, -78.60364598196749 39.7494945721202, -78.60407977687038 39.74904768109811, -78.60432338135054 39.74869546942585, -78.60442994575118 39.74860908911697, -78.60488015532948 39.74821229494398, -78.60526918763883 39.74772282896549, -78.60529005452786 39.747318843565, -78.60525347405097 39.7471843675736, -78.60526154753656 39.74695107487872, -78.60526648578934 39.74680851342857, -78.60534424703995 39.74670976335734, -78.60559929442714 39.74646137978275, -78.60593280852314 39.74623856383212, -78.60631989547879 39.74599135199371, -78.60652670670456 39.74588826532936, -78.606822415344 39.74554363275934, -78.60711454492862 39.74525460747891, -78.60714236152124 39.74521996682778, -78.60727575819553 39.74512946357092, -78.60775634147707 39.74462363290073, -78.60809953715994 39.74406352945947, -78.60826731110058 39.74355842202986, -78.60859547156691 39.74309786234329, -78.60892360709511 39.74266882661104, -78.60911440382927 39.74210896186548, -78.60941949129131 39.74160858553446, -78.60973993617814 39.74117528418083, -78.60986964227499 39.74060831116341, -78.61004505360521 39.74005793080334, -78.6102891389499 39.73954143994937, -78.61053336087193 39.73908348763176, -78.61097601918135 39.7386103475991, -78.61128096815614 39.73814599937949, -78.61171580145964 39.73767310830921, -78.61218058915878 39.7373144088644, -78.61242142626745 39.73715075756882, -78.61263908297252 39.73689225734444, -78.61286783714414 39.73642127065939, -78.61298989214826 39.73584102472041, -78.61291369000125 39.73530748837174, -78.61308159730103 39.73483389550111, -78.61338680854489 39.7342704587317, -78.61365391265704 39.733780263666, -78.61409632199711 39.73332062256907, -78.61455395703581 39.73270290020897, -78.61481338506023 39.73219492598016, -78.61493554189154 39.73150208941062, -78.61496615308081 39.73088866439878, -78.61502722563164 39.73023375810375, -78.61524060565041 39.72968218600682, -78.61561364429534 39.72929057518003, -78.61611256030339 39.72904830482868, -78.61659529150268 39.72860237199993, -78.61733887586026 39.72772494200547, -78.61752596862316 39.72729193138389, -78.61781206470397 39.72696346231207, -78.61802062566018 39.72676022770109, -78.61826319595343 39.72654471909233, -78.61848808922313 39.72635478654456, -78.61861405740655 39.72611094369476, -78.61878072447257 39.72583837579785, -78.61899431703802 39.72532281722437, -78.61908585532689 39.7247390140006, -78.61904784904115 39.72423582238465, -78.61911842068 39.72365700564294, -78.61905517420759 39.72335201405413, -78.61903198439013 39.72324020158274, -78.61879315868066 39.72287410603448, -78.61874226165466 39.72279607484538, -78.61854979454969 39.72256202195007, -78.61854245343723 39.72233522612896, -78.61872433353965 39.721834458214, -78.61910135141964 39.72101484319622, -78.61964033094524 39.71983297173563, -78.61993866783789 39.71912717763561, -78.62051351904452 39.71835009257671, -78.62135826206436 39.71769398843754, -78.62243035998624 39.71694632255841, -78.62312105854384 39.71642173005149, -78.62376459548292 39.71581920634646, -78.6243871936238 39.71510080245202, -78.62461143357829 39.71437423862282, -78.62473411328175 39.71370332595917, -78.62485678256685 39.71303240704454, -78.625 39.71230472588944, -78.625 39.75)), ((-78.625 39.70757027666848, -78.625 39.70980515899742, -78.62499448247296 39.70974503909518, -78.62494091133358 39.70912824123226, -78.62499218563786 39.70835965781791, -78.62491372076073 39.70774234540349, -78.625 39.70757027666848)))",6.1849420338289915,3478.65,0.0017779719241168244,32,0.03595948284350524
38508,39.78125,-78.96875,1982-07-03,21.475,1982,7,3,"MULTIPOLYGON (((-78.96208564801211 39.8125, -78.9375 39.8125, -78.9375 39.79152365630654, -78.93750696029191 39.79202268479037, -78.93777386216975 39.79248644324932, -78.93839960874178 39.79271735194005, -78.9390404477697 39.79285768016415, -78.93962765033412 39.79302684807643, -78.94013695270662 39.79317726597218, -78.9402567939253 39.79330489439802, -78.94012387828505 39.79371696539674, -78.93992544607259 39.79419654182107, -78.93968115959387 39.79466867137008, -78.93942969624153 39.79521309487306, -78.93934561754625 39.79575633079705, -78.93919295545047 39.79631540533737, -78.93876589245347 39.79673070355879, -78.93872754713966 39.79726337693216, -78.93932264150384 39.79747730955285, -78.93993299834938 39.79767720879479, -78.94068069984596 39.79775535242855, -78.94135974780758 39.79773675728204, -78.94197774845667 39.79760765664654, -78.94258791448762 39.79740226621835, -78.94312982302513 39.79716768407222, -78.94375545285672 39.79703830530664, -78.94441904787605 39.79708776452269, -78.94498355917656 39.79741078287997, -78.94550237128159 39.79768132507004, -78.94600598135855 39.79797938401088, -78.94644861855583 39.79832455977766, -78.94683761010346 39.79876162124209, -78.94701318793375 39.79925998922318, -78.94742525447306 39.79968275272179, -78.94788305640408 39.80007243589994, -78.94836360094202 39.80041631060715, -78.94892822769911 39.80068977049749, -78.94957658195803 39.80070819734612, -78.95006442900333 39.8008425589651, -78.95019367323619 39.80093255499332, -78.95011840052153 39.80139221256317, -78.95001156246178 39.8019632558752, -78.94990460351559 39.80251627726162, -78.94975199324323 39.80299880992892, -78.94963006955807 39.80350731765527, -78.94947730245218 39.80414296220889, -78.94953092389737 39.80466799802966, -78.94948500763591 39.80517841614449, -78.9494011434538 39.80570814162132, -78.94949251900215 39.80619136480884, -78.94963006544008 39.80666849941782, -78.94972154930727 39.80714722259296, -78.95007248857462 39.80754954648443, -78.95067521730941 39.80777666456924, -78.95131624796974 39.80793042618253, -78.95201790478897 39.80809112008121, -78.95268946480616 39.80829336410965, -78.95330746314909 39.808452402832, -78.95394059642501 39.80843980148336, -78.95452818640581 39.80825313091574, -78.95526826820628 39.80803423102511, -78.95594712775386 39.80807409751204, -78.95660322915798 39.80819128922609, -78.95719830461181 39.80837360406623, -78.957755349205 39.80871032039883, -78.95837333746651 39.80898641153545, -78.95897607589998 39.80933056745396, -78.95949483092352 39.80969560159274, -78.95992199442885 39.81016283605886, -78.96035699001219 39.81055324634767, -78.96068501995211 39.81099684537396, -78.9610436904432 39.81139886822894, -78.96144789449052 39.8118533703796, -78.96190579015143 39.81226100362611, -78.96208564801211 39.8125)), ((-78.9375 39.79147077291542, -78.9375 39.7902963588587, -78.93762115554392 39.79040668024764, -78.93762898640425 39.79095579739502, -78.9375 39.79147077291542)))",3.6967485605776296,3478.65,0.001062696322015043,18,0.022821403920659525
38873,39.78125,-78.90625,1982-07-03,23.025,1982,7,3,"POLYGON ((-78.9375 39.8125, -78.875 39.8125, -78.875 39.75, -78.9150621408229 39.75, -78.91506862049282 39.75008399353528, -78.91517548695106 39.7509269801664, -78.91508378635616 39.75144794310138, -78.91471768600002 39.75188811429071, -78.91436681889206 39.75229174057976, -78.91389382040897 39.75273101390442, -78.91354258796927 39.75322471543948, -78.91321464835602 39.75374014410475, -78.91298586629364 39.75427474152079, -78.91283322925284 39.7548337847975, -78.9127264734466 39.75535975920972, -78.91269586682725 39.75591017844123, -78.91265029443943 39.75642507987476, -78.91258918443616 39.75691348749363, -78.91248213608304 39.75748900579111, -78.9123449925788 39.75797097176421, -78.91180341232177 39.75828195830861, -78.91148271530137 39.75875210871718, -78.91114712551826 39.75921375181787, -78.91091821313159 39.75970782099429, -78.91040721772262 39.76014386098797, -78.90986556764163 39.76044133186753, -78.90943813992284 39.76082051020384, -78.90906444720495 39.76135998790882, -78.90879589869461 39.76165675864704, -78.90876525039624 39.76187801343372, -78.90899568834189 39.76219989753051, -78.90928547382103 39.76268997580733, -78.9097585917156 39.76311081526164, -78.91017836273886 39.76356499233455, -78.9104984813661 39.76398199123126, -78.91105571078967 39.76437747953428, -78.91126929601977 39.76483860152264, -78.91118527352702 39.76534128939841, -78.91103274353358 39.76581926994887, -78.91082677722081 39.76637110593607, -78.91080390416158 39.76698430970828, -78.9111319750812 39.76746408273334, -78.91163540099936 39.76810005089133, -78.91168683989781 39.76818060212806, -78.91192537592619 39.76855409053262, -78.91220001953066 39.76899513639633, -78.91246690310982 39.76956253365189, -78.91263482068499 39.77007022454301, -78.9127875677474 39.77068650428096, -78.91317664515454 39.77120924406402, -78.9135352285529 39.77166996910934, -78.91394733898095 39.77208385129241, -78.91448899312195 39.77241229984539, -78.91473953600956 39.77232380156401, -78.91513743004489 39.77218324681798, -78.91572480333603 39.77196075737951, -78.91640375122245 39.77188377558695, -78.91699139964656 39.77170179980055, -78.91759744005766 39.77160908987495, -78.91801214219302 39.7717108816187, -78.91829595990517 39.77187384651127, -78.91879184410864 39.77218581066834, -78.91930301597995 39.77254228431587, -78.91984481481377 39.7728436827976, -78.92034070845739 39.77317815326817, -78.92062275201344 39.77360992098578, -78.92075261465396 39.77423597056216, -78.92082134048694 39.77478753350502, -78.92076013564454 39.77526694214546, -78.92072984151503 39.77582185514535, -78.92098159260441 39.7763492127254, -78.92126371845883 39.77678547837394, -78.92149790641216 39.7771230781492, -78.92159945289347 39.77726946600354, -78.92179791441704 39.77783464975622, -78.92189686723702 39.77834015839248, -78.92207242326884 39.77882956382307, -78.92261423901176 39.77921650629726, -78.92311014515698 39.7795599715909, -78.92353727945047 39.77995079433989, -78.92394942343181 39.78045019864593, -78.92412483398282 39.78138541676627, -78.92376625187586 39.78197846857054, -78.92351446017815 39.78244181163306, -78.9233620249977 39.78293331514273, -78.92309500829158 39.78340167697552, -78.92288906052426 39.78389500030636, -78.92262953338864 39.78435409335933, -78.9225456371671 39.78493783979821, -78.92266744003209 39.78544708489425, -78.92242353497134 39.78595968641983, -78.9221577312431 39.78657597261573, -78.92233672522173 39.78687847024079, -78.92267531261651 39.78698688913243, -78.92328548362129 39.78736250967628, -78.92375112633161 39.78776553452998, -78.92423918036445 39.78811376234781, -78.92491069947137 39.78818558202747, -78.92577282760105 39.78803929476733, -78.92646708225793 39.78780862610143, -78.92706217492926 39.78746423112513, -78.92752007051629 39.78712898727868, -78.9280387576614 39.78672413279448, -78.92866430762625 39.78636068566612, -78.92911684737597 39.78615872968907, -78.92933452391441 39.7861952828139, -78.92970210769225 39.78646509068101, -78.93011384921576 39.78685640928081, -78.93054113452669 39.78725170080158, -78.93110570940701 39.78756578057621, -78.93173140191233 39.78781924244696, -78.93231885389504 39.7881280378225, -78.93296714411316 39.78830417134459, -78.93356249352075 39.78845057980902, -78.934127155835 39.78874662724458, -78.9347296210843 39.78896033380983, -78.93534783324655 39.78917800496261, -78.9359200297483 39.78941074492876, -78.93650731803626 39.78967449018288, -78.93708720000497 39.78992047289154, -78.9375 39.7902963588587, -78.9375 39.79147077291542, -78.93749930130647 39.79147356243471, -78.9375 39.79152365630654, -78.9375 39.8125))",49.98261548662335,3478.65,0.014368394488270838,19,0.33083227761132855
39238,39.78125,-78.84375,1982-07-03,21.925,1982,7,3,"POLYGON ((-78.875 39.8125, -78.8125 39.8125, -78.8125 39.75, -78.875 39.75, -78.875 39.8125))",62.98869577487666,3478.65,0.018107224289559645,20,0.3970008787338794
39603,39.78125,-78.78125,1982-07-03,21.3,1982,7,3,"POLYGON ((-78.8125 39.8125, -78.75 39.8125, -78.75 39.75, -78.8125 39.75, -78.8125 39.8125))",62.98869577487666,3478.65,0.018107224289559645,21,0.3856838635529046
39968,39.78125,-78.71875,1982-07-03,20.125,1982,7,3,"POLYGON ((-78.75 39.8125, -78.6875 39.8125, -78.6875 39.75, -78.75 39.75, -78.75 39.8125))",62.9886957748598,3478.65,0.0181072242895548,22,0.3644078888272903
40333,39.78125,-78.65625,1982-07-03,19.775,1982,7,3,"POLYGON ((-78.6875 39.8125, -78.625 39.8125, -78.625 39.76822873810309, -78.62503707614432 39.76817346752353, -78.62535736142355 39.76772661633755, -78.62579978839986 39.76728945463735, -78.62621961358566 39.76691154307443, -78.62659318550851 39.76650355128619, -78.6269825114199 39.76605903961763, -78.62758521519214 39.76535115222089, -78.62641030086856 39.76494207648939, -78.62577693559281 39.76478175281904, -78.625 39.76460664941786, -78.625 39.75, -78.6875 39.75, -78.6875 39.8125))",62.91180430708247,3478.65,0.01808512046543414,23,0.3576332503050341
40698,39.78125,-78.59375,1982-07-03,20.55,1982,7,3,"MULTIPOLYGON (((-78.625 39.8125, -78.599825324497 39.8125, -78.59983714613502 39.81222352810095, -78.60008888768304 39.81158972880142, -78.60037886091155 39.81104481088805, -78.60070699913135 39.81058427018584, -78.60094367378929 39.81011306078324, -78.60117256088492 39.8096285836525, -78.60147746722079 39.80903816355386, -78.60179810753301 39.808577861395, -78.60211836612683 39.80802298197356, -78.6024084325559 39.80736546904745, -78.60256105831627 39.80668971244386, -78.60278223615043 39.80601632558133, -78.6030415862004 39.80541380757116, -78.60323233349457 39.80488097412106, -78.60338491128414 39.80440336893, -78.60354512537275 39.8038940011722, -78.60377405198876 39.80318434443802, -78.60398003795525 39.80267805789767, -78.60426238454973 39.80221893180077, -78.60472757715516 39.80159649795373, -78.6051625170312 39.80105156115101, -78.60554409042314 39.80053979945283, -78.6058948115692 39.79999298562825, -78.60620769853726 39.7994833656539, -78.60649014407652 39.79901973016568, -78.6067265739679 39.79854851761643, -78.60700126722914 39.79804458830584, -78.60716918017445 39.79751245902855, -78.60735985151076 39.79699313183949, -78.60751992299031 39.79629011474137, -78.60768042450535 39.79576271881029, -78.60793211055733 39.7952730166244, -78.60826782591906 39.79481672380604, -78.60861847682246 39.79417532228681, -78.60898473151322 39.79366853976014, -78.60936625760759 39.79306670599549, -78.60952652397694 39.7923816951735, -78.60963321060542 39.7917884210302, -78.60987732118075 39.79119987177857, -78.61005293929911 39.79065849246625, -78.61028171958593 39.79005240673361, -78.61052587393714 39.78946836061233, -78.61085387063294 39.78902581156445, -78.611075389557 39.78843796545303, -78.61120496813763 39.78790252056238, -78.61141861958032 39.78735995266798, -78.61166278987308 39.78683895353768, -78.61202886938375 39.78629163445786, -78.61246383519511 39.78571514546851, -78.6129368743545 39.78501587704034, -78.61331074715352 39.78437374005692, -78.61356231878072 39.78391104831751, -78.61408131757095 39.78326439244399, -78.61446279573441 39.7828651902933, -78.61488231763529 39.78246480998035, -78.61534024114279 39.78196865757144, -78.61585893754331 39.78168227009692, -78.61620981304449 39.78116243440066, -78.61649963936829 39.78059496324826, -78.61677438588794 39.78010902559983, -78.61720174321704 39.7794967292343, -78.61760603287037 39.77888965893926, -78.61802559461601 39.77832713975696, -78.61852147167586 39.77770369642654, -78.61893761042261 39.77712327929171, -78.61906312308405 39.77694821841929, -78.61951329161207 39.7762811625399, -78.61989484433562 39.77578737789312, -78.62032971153826 39.77527391399085, -78.62083335198837 39.77483035328584, -78.62135194959541 39.77435930396965, -78.62177907265225 39.77397667678434, -78.62222165433391 39.77344044511489, -78.62252693211531 39.77295353970906, -78.62286274052381 39.77233958402374, -78.62316020701648 39.77167277410162, -78.62342720437597 39.77092587029851, -78.62367130235836 39.77030577197349, -78.62392314047112 39.76979801552831, -78.62418245799046 39.76933956333902, -78.62474701995811 39.76860586344304, -78.625 39.76822873810309, -78.625 39.8125)), ((-78.60329965367237 39.75, -78.625 39.75, -78.625 39.76460664941786, -78.62472413249863 39.76454447523224, -78.6240450628362 39.76455219881428, -78.62318317698713 39.76443953483425, -78.62235139487802 39.7642403591977, -78.62146623895612 39.76406986804493, -78.62065011100623 39.76387019864497, -78.61997110207395 39.76372927506286, -78.61931473185216 39.76362367652876, -78.61864354418998 39.7635725770741, -78.61790336361818 39.76347859218592, -78.61710995497985 39.76339527091181, -78.61640036019007 39.7633768819754, -78.6155155733853 39.76328288785278, -78.61471435723469 39.76315476025092, -78.61406594241372 39.76308941387399, -78.61342494995347 39.76291124643915, -78.61276878923424 39.76262096109537, -78.61199064075922 39.76248759075634, -78.61120487883242 39.76237246629383, -78.61040374908968 39.76223529805471, -78.60977056433296 39.76193076891664, -78.60906856848764 39.76148877187549, -78.60853469666316 39.76106405491484, -78.60803855111277 39.76068769842833, -78.60750464781627 39.76042960470557, -78.60684083081128 39.76013501937442, -78.60613123959095 39.75978782253113, -78.60527682976829 39.75946762484104, -78.60445277439197 39.7592050313992, -78.60376620205089 39.75909577665618, -78.60299570129324 39.7589260802151, -78.60239273712769 39.7587871982523, -78.60178242613301 39.75865754964808, -78.60112653877198 39.75846176138145, -78.60046266681266 39.75822117512288, -78.59985242837321 39.75801946596906, -78.59911217940213 39.7575830981713, -78.59860115504601 39.7572837220729, -78.59862619510143 39.75696093811081, -78.59888509995727 39.75668634254927, -78.59927918485346 39.75596227309432, -78.59934876359348 39.75587794370058, -78.59970716979684 39.75545699984714, -78.60026435313648 39.75484072730277, -78.60050561818481 39.75451984104285, -78.60078049717156 39.75406973367241, -78.60091911332185 39.75396832500984, -78.60114255832303 39.75380485156227, -78.60142920054071 39.75329198155995, -78.60150240893705 39.75309632903488, -78.60152309210446 39.75306329353521, -78.60174420220224 39.75258356011797, -78.60208763305128 39.75187935532014, -78.60230897449085 39.7514176250595, -78.60262168547872 39.75090802274019, -78.60327032709766 39.75006823091332, -78.60329965367237 39.75)))",14.541767837034419,3478.65,0.004180290583138407,24,0.08590496829418566
41063,39.84375,-78.96875,1982-07-03,22.125,1982,7,3,"POLYGON ((-78.9375 39.85819188831674, -78.9375 39.8125, -78.96208564801211 39.8125, -78.96222625856149 39.81268684427418, -78.9629204580053 39.81283421731332, -78.96360712696804 39.81289178176927, -78.96419453257909 39.81306981952386, -78.96469827907899 39.81338580978671, -78.96521705901016 39.81372830116027, -78.96555262953939 39.81416262307905, -78.96569005755828 39.81477484454204, -78.96569760072531 39.81529244079232, -78.96577397628494 39.8158076838823, -78.96579672059325 39.81635178020121, -78.96585793254935 39.81685403263598, -78.96610976055001 39.81739929240501, -78.96631559578665 39.81795062929399, -78.96656733188445 39.81841483675149, -78.96677350136439 39.81892112976379, -78.96711676043051 39.81935518084918, -78.96759746854788 39.81974849947171, -78.96799411509643 39.8201492004419, -78.96862726926132 39.82053729086347, -78.96917669506233 39.8208877207968, -78.9695732448313 39.82132444270405, -78.96983268923232 39.82177938034435, -78.97024478096783 39.822314625442, -78.97058048370444 39.82273091294276, -78.96989369154574 39.82329032105526, -78.96939033566044 39.82368582967018, -78.96900113630473 39.8241179529253, -78.96853593793722 39.82457069293549, -78.96808563128582 39.82503192671303, -78.96765823103532 39.82553289913479, -78.96728450557893 39.82593296708238, -78.9668496749082 39.8263621424279, -78.96633080756089 39.8267581718794, -78.96591886542991 39.82717305134079, -78.96553750452885 39.82756436822292, -78.96504905620171 39.82803590204031, -78.96461420133824 39.82837951047463, -78.96419459894491 39.82884868488178, -78.96375977754911 39.82923732156703, -78.96332485191057 39.82959894150898, -78.96282153753424 39.82992687700736, -78.96231783568561 39.83026382711412, -78.96159309737891 39.83071190782876, -78.96114294383946 39.83115509779574, -78.96063939849768 39.83157759605813, -78.96023511171872 39.83202822665189, -78.95982298743152 39.83247910933211, -78.9594033860533 39.83293025243207, -78.9590065764407 39.83340313308373, -78.95862505539289 39.83387548872738, -78.95829710203554 39.8343144911309, -78.957953692383 39.83474501330773, -78.95751904972542 39.8353317588751, -78.95712222889105 39.83588118557227, -78.95685513617207 39.83636313494593, -78.95657292067666 39.83689963864495, -78.9562753704969 39.83733759623917, -78.95586343712576 39.83787853020751, -78.95545125516993 39.83854555515426, -78.95492486302956 39.83899132431405, -78.95452056565793 39.83936988073823, -78.95408571617826 39.83975397989737, -78.95353639681299 39.84015999895233, -78.95310914730798 39.84053032515215, -78.9526512759836 39.84093321812089, -78.95214034941121 39.84134692676436, -78.95173575772831 39.84188309925199, -78.95156801515158 39.84235713710123, -78.95143077806415 39.84291119912127, -78.95137732220145 39.84341737035077, -78.95133930325854 39.84407161698915, -78.95133153595636 39.84456271940934, -78.95130868856043 39.84509936779593, -78.95148405072423 39.84560673894404, -78.95154514297742 39.84612702371232, -78.95162156975816 39.84669180026641, -78.95168260461175 39.84717605160068, -78.9514308442272 39.84765296448723, -78.95107979085101 39.84807922518441, -78.95057630387257 39.84848366608395, -78.95011849705483 39.84885052248597, -78.94955406630943 39.84927505096255, -78.94906553558063 39.84966996995307, -78.94862376081289 39.85001439022818, -78.94813538268869 39.85038678293591, -78.94757847227288 39.85073899439374, -78.94699870352378 39.85101092772663, -78.946434168108 39.85130034960116, -78.94582367227559 39.85160034126739, -78.9452896004014 39.85195626626682, -78.94487008998539 39.85234881730787, -78.94406886498666 39.8529975318902, -78.94367221290395 39.85347035272281, -78.94319164727966 39.85388749230549, -78.94269544936378 39.85431866730482, -78.94220737540621 39.85463699126268, -78.94165034936543 39.85500719022042, -78.94116210874114 39.85534802771991, -78.9406509191586 39.85565812459441, -78.94010924832611 39.85610884751037, -78.93957529520196 39.85646474542648, -78.93918626499425 39.85685173396757, -78.93862921291174 39.85726694959192, -78.93803398062101 39.85773299750787, -78.93759921916336 39.85809001729899, -78.9375 39.85819188831674))",14.504842701528363,3478.65,0.004169675794209927,11,0.09225407694689464
41428,39.84375,-78.90625,1982-07-03,20.25,1982,7,3,"POLYGON ((-78.92195924623303 39.875, -78.875 39.875, -78.875 39.8125, -78.9375 39.8125, -78.9375 39.85819188831674, -78.93711839728911 39.85858369021486, -78.93659970666494 39.85891653813104, -78.93611913895734 39.85933815063038, -78.93558508895813 39.8596805235465, -78.93515789312551 39.86007780167091, -78.93467703791788 39.86047239958697, -78.93422697958528 39.86086595062801, -78.933754045211 39.86130980791899, -78.93337253583661 39.86179109125158, -78.93304439625376 39.86227956416747, -78.93272388271259 39.86272274541676, -78.93238826187979 39.86313492458282, -78.93211362646355 39.86363958916536, -78.93181627958899 39.86407297041467, -78.93153380354778 39.86452386312232, -78.9312134900066 39.86498054332992, -78.93090062334045 39.86546849020419, -78.9305723493826 39.86588491103686, -78.9301454639666 39.86630467874454, -78.92961889625906 39.86659723499412, -78.9289476004268 39.86697125582685, -78.92838285251099 39.86726059749304, -78.92791761397007 39.86762312561751, -78.92736053376257 39.86795722665863, -78.92682663897176 39.86834908811636, -78.92642209626405 39.8687545745741, -78.92618559105608 39.86923091623999, -78.92598713272304 39.86969245790596, -78.92579640355666 39.87018075790519, -78.92556008272373 39.87067960373776, -78.92537689001568 39.87114963290372, -78.92511755564107 39.87165827665291, -78.92480468480824 39.87224977456867, -78.92443834210047 39.87264044748474, -78.92400352960112 39.87303794540077, -78.9235229129352 39.87337845373355, -78.92305759418593 39.87371844227471, -78.92255397856172 39.87411376206575, -78.92218788689564 39.8745764735234, -78.92195924623303 39.875))",60.83206609593167,3478.65,0.017487262615075293,12,0.3541170679552747
41793,39.84375,-78.84375,1982-07-03,19.8,1982,7,3,"POLYGON ((-78.875 39.875, -78.8125 39.875, -78.8125 39.8125, -78.875 39.8125, -78.875 39.875))",63.04599427034482,3478.65,0.018123695764260508,13,0.3588491623050755
42158,39.84375,-78.78125,1982-07-03,20.1,1982,7,3,"POLYGON ((-78.8125 39.875, -78.75 39.875, -78.75 39.8125, -78.8125 39.8125, -78.8125 39.875))",63.04599427034482,3478.65,0.018123695764260508,14,0.3642862917752775
42523,39.84375,-78.71875,1982-07-03,19.7,1982,7,3,"POLYGON ((-78.75 39.875, -78.6875 39.875, -78.6875 39.8125, -78.75 39.8125, -78.75 39.875))",63.04599427032794,3478.65,0.018123695764255654,15,0.3570368203831189
42888,39.84375,-78.65625,1982-07-03,19.5,1982,7,3,"POLYGON ((-78.6875 39.875, -78.64955078385255 39.875, -78.64909363106949 39.87468990998156, -78.6485367966954 39.87425711519052, -78.64800262586289 39.87382810581619, -78.64741516232209 39.87314858290063, -78.64667522794826 39.87381586206624, -78.64621720711563 39.8742130662323, -78.64579773211631 39.87460004852335, -78.64547342683845 39.875, -78.625 39.875, -78.625 39.8125, -78.6875 39.8125, -78.6875 39.875))",62.9870297590185,3478.65,0.018106745363580267,16,0.3530815345898152
43253,39.84375,-78.59375,1982-07-03,18.75,1982,7,3,"POLYGON ((-78.625 39.875, -78.58188275798723 39.875, -78.58192456450712 39.87459778602334, -78.58219149263169 39.87406263081584, -78.58248916867291 39.8735220204, -78.58274098221415 39.87294229852591, -78.58307661971367 39.87219786102708, -78.58335860929657 39.87162621102794, -78.5836106457545 39.87111403082042, -78.58383174158746 39.87062532457117, -78.5840149103372 39.87007474540536, -78.58406827908709 39.86954619332283, -78.58389282700404 39.86907425894861, -78.58309933638026 39.86881959436568, -78.58244320825628 39.8685651776994, -78.58176429888238 39.86837450999133, -78.58101658013351 39.86818146103332, -78.5805130176343 39.86783675478387, -78.58052067388428 39.86729610686803, -78.58068078430068 39.86673723707719, -78.58092501242533 39.86611721103651, -78.58105454159181 39.86559532145401, -78.58123775304983 39.86496818812162, -78.58130656450805 39.86438511624755, -78.58135997596634 39.86387457874832, -78.58130658117472 39.86329078499921, -78.58112320930002 39.86266596416687, -78.58106233638347 39.86205088500117, -78.58101644263354 39.86145334854376, -78.58097848742523 39.8609276131279, -78.5808639718004 39.86021511417067, -78.58084105200879 39.85964839125489, -78.58086411555041 39.85897216521425, -78.58102411450852 39.85834124334025, -78.58127583429979 39.85785159646599, -78.58174888117406 39.85743616521665, -78.58216772075673 39.8572190048003, -78.58217343950673 39.85708515896721, -78.5817947770073 39.85679526000933, -78.58107012596679 39.856565471468, -78.58035290930121 39.8563174339684, -78.57958987805239 39.85598524126056, -78.57885739055354 39.85554851938628, -78.57820884992952 39.85513171209521, -78.57770536555535 39.85483202876236, -78.57716364680618 39.8544254339713, -78.57660684264039 39.85405532980525, -78.57597363847469 39.85352545584772, -78.575340262434 39.85299558709852, -78.57489010618468 39.85257264439088, -78.57431028639394 39.85206813501668, -78.57389078951957 39.85169378085055, -78.57342538118695 39.8513388464761, -78.57302863222924 39.8509592912684, -78.57257087806329 39.85052306522738, -78.57295215722934 39.85006997147809, -78.57334826755388 39.84951238318267, -78.57361524635688 39.84885565268763, -78.57375273862154 39.84837404445724, -78.57389745169225 39.84788771225507, -78.57409592512118 39.84739521646611, -78.5742561494806 39.84687687273783, -78.57466044393769 39.84623842760011, -78.575072372207 39.8456943107481, -78.5755684967372 39.84524216483778, -78.5760641218655 39.84490712434293, -78.57635410568128 39.84441629620022, -78.57656020259135 39.84382899710473, -78.57688047215008 39.84340479197584, -78.57733064400611 39.84303512123465, -78.57788772224997 39.84270267757307, -78.57858180976856 39.84256865501022, -78.57915410014941 39.8423708386609, -78.57977216271044 39.84203200015273, -78.5802757318173 39.84153456976543, -78.58078684077861 39.84109093842636, -78.58125989962976 39.84062148623049, -78.58173292417617 39.84016551843222, -78.58212191664593 39.83974367887399, -78.58260260971343 39.83924244327726, -78.58299159681881 39.83878907761752, -78.58333508999959 39.83829658587396, -78.58361731573966 39.83785102133816, -78.58397590986456 39.83734004829851, -78.58438788432535 39.8368589450676, -78.58476937071993 39.83646885347913, -78.58528057528559 39.83597567098995, -78.58579168182341 39.8354599717912, -78.58637914255156 39.83495541735064, -78.58697415669765 39.83450917134235, -78.58751602522665 39.83410059522854, -78.58792791353774 39.83367802646757, -78.58824838976773 39.8331231866923, -78.58856895723558 39.83248277592549, -78.58889671038941 39.83189618295899, -78.589377573327 39.83119676363665, -78.58976664571891 39.83071184893578, -78.59009445900011 39.83027386561217, -78.59062116652883 39.82953699409914, -78.59101769068904 39.82898879593822, -78.59137650253139 39.82847328848728, -78.59172735495994 39.82794901956596, -78.59220804144779 39.82695687260457, -78.59258937785111 39.82656225702226, -78.59299382873559 39.82614890909603, -78.59355070546346 39.82570831621764, -78.59413050362238 39.82538860271165, -78.59468753218994 39.82489846911255, -78.59513758061206 39.82441163767756, -78.59561058511576 39.8238925749144, -78.5960988378223 39.823431582038, -78.59665580362211 39.82309455704942, -78.59731204941934 39.82272291004771, -78.59793770284183 39.82241526318592, -78.5983649389461 39.82196066098369, -78.59870802206332 39.8215266828383, -78.59919655496732 39.82106116494289, -78.59959316921865 39.82060751484364, -78.60012739367872 39.82012255416639, -78.60044009239898 39.81968050831432, -78.60056979280989 39.81914507075416, -78.60066896121504 39.81866462498616, -78.60095866220236 39.81804765798609, -78.60136307058919 39.81767031114176, -78.60220231208932 39.8174911080951, -78.60287398548883 39.81742969497813, -78.60331640441071 39.81707818044197, -78.60320178421527 39.81656835143923, -78.60298836679389 39.81598053486389, -78.60250002921856 39.81550934475869, -78.60204984324456 39.8151540600533, -78.60134775294239 39.81474805565264, -78.60064621190931 39.81440507845563, -78.60005100164312 39.81397322601301, -78.59982207570592 39.81334985730904, -78.59981439358378 39.81275564057507, -78.599825324497 39.8125, -78.625 39.8125, -78.625 39.875))",39.88869807582127,3478.65,0.01146671785773828,17,0.21500095983259274
43618,39.90625,-78.90625,1982-07-03,22.775,1982,7,3,"POLYGON ((-78.875 39.91287747101551, -78.875 39.875, -78.92195924623303 39.875, -78.92191302127105 39.87508562560595, -78.92137155981356 39.87567585685503, -78.9209213587726 39.87606035477108, -78.92055515356481 39.87647353081212, -78.9200591681489 39.8768910953948, -78.91965490564957 39.87729654956081, -78.91943352752492 39.87779938601835, -78.91917401502531 39.8782900016426, -78.91887665877573 39.87883143080842, -78.91814430356857 39.87960823080726, -78.91750352440289 39.87979651622362, -78.91690825565382 39.87999228393164, -78.91642768273789 39.88039580372271, -78.91628255982147 39.88090055580523, -78.91616827336327 39.88141777767942, -78.91606901919675 39.88193899017864, -78.91591635461367 39.88255207246931, -78.9158097087805 39.88316810163502, -78.91552732857264 39.88369100475921, -78.91507699315667 39.88418356100846, -78.91485589836532 39.88467286517437, -78.914650022324 39.88532377038172, -78.91444383690765 39.88584409642255, -78.91407760565818 39.88629327663017, -78.91345973482584 39.88642673704663, -78.91285687961846 39.88666325996297, -78.91249834107731 39.88709415475392, -78.91223148586943 39.88753097454492, -78.9119185785782 39.88804139225249, -78.91149899316218 39.88848786204346, -78.9110490431629 39.88889483183448, -78.91075896608004 39.88934143079211, -78.91038510149724 39.8898854214163, -78.91011035045602 39.8903990464155, -78.90975955774826 39.89089272870638, -78.90951537858194 39.89155842558034, -78.90910333899927 39.89197761724637, -78.90860749941669 39.89242665266232, -78.90814221191744 39.89289266932826, -78.9076691567098 39.893273387036, -78.90744027858517 39.89374943286862, -78.90720363066885 39.89420773286793, -78.90686812337771 39.89472339849209, -78.90656285150322 39.89529208494957, -78.90638728171183 39.89581587349039, -78.90614329942053 39.89632844328128, -78.90583040671265 39.89678930994722, -78.90543378796326 39.89735206202971, -78.90496812546399 39.89774153390408, -78.90448778796474 39.89814950161178, -78.90399923692382 39.89853522869453, -78.90342710463307 39.89894178494387, -78.90280144630071 39.89934564015158, -78.90219131192663 39.89976247765094, -78.90171817651071 39.90012065890039, -78.90115365880325 39.90057197764969, -78.90071114317897 39.90095163910746, -78.90028386505463 39.90139382660675, -78.89978020568037 39.90187461306436, -78.899383477556 39.90226623806376, -78.89900205984827 39.90267985889642, -78.8984832588074 39.90304856931255, -78.89790330984999 39.90336079743702, -78.89733114005918 39.90375831931141, -78.89677440881007 39.90409677868587, -78.89627082756084 39.90439291097709, -78.89576720568664 39.90474309535153, -78.89527895985407 39.90509725576766, -78.89476781297986 39.90541165264221, -78.89415735881414 39.90590501722477, -78.89366133485657 39.90628644951585, -78.89321905881559 39.90672011097348, -78.89279925152459 39.90709898076454, -78.89244070048346 39.90763339534709, -78.89213563590062 39.90806694326307, -78.89178456715115 39.90851104430402, -78.89143388694333 39.90903618701157, -78.89089962027754 39.90941439221933, -78.89036560361166 39.90984211826031, -78.88992300152904 39.91023525159301, -78.88963332548781 39.91077635263383, -78.88946525673805 39.91127734221641, -78.88922865778011 39.91174911096567, -78.88890080986397 39.91227798388155, -78.88849636090623 39.91276439429743, -78.88803857549027 39.91318054533843, -78.88761140882428 39.91362719012943, -78.88618464736817 39.91370660783764, -78.88542178382767 39.91377273908756, -78.88477316299537 39.91369093908764, -78.88408678382973 39.9135878734628, -78.88301074841473 39.91349337242133, -78.88178995883334 39.91328213179662, -78.88116467341763 39.91324455471334, -78.88037123800217 39.91306400263034, -78.87973798696152 39.91295012971381, -78.87907414425422 39.91282827242236, -78.87848655988012 39.91265882554762, -78.87786105363108 39.91246812763126, -78.87727362967365 39.91226264429821, -78.87641148175834 39.91197179013199, -78.8758163369676 39.91227991513153, -78.87532057551005 39.91260722658933, -78.875 39.91287747101551))",19.12556442163783,3478.65,0.0054979846841843325,5,0.12521659908498345
43983,39.90625,-78.84375,1982-07-03,20.8,1982,7,3,"POLYGON ((-78.85055520902284 39.9375, -78.83177212750988 39.9375, -78.8317794380776 39.93725218071779, -78.83133691516161 39.93689306300996, -78.83080289641248 39.93660452030213, -78.83029941203824 39.93626992967762, -78.82968918912252 39.93608297030289, -78.82907872037345 39.93596356509477, -78.82845303391611 39.93566003072021, -78.82785039329207 39.93541877342892, -78.82723997454298 39.93514624738771, -78.82663729537728 39.93491399322141, -78.82598111308664 39.93465648384677, -78.82529442662934 39.93433693176394, -78.82458493808878 39.93421177030581, -78.82388296100652 39.9341719036392, -78.82321152350755 39.93422110572249, -78.82255564955028 39.93429680155566, -78.82187664434298 39.9344723244721, -78.82115944955245 39.93458606301357, -78.82044999747018 39.93476708592993, -78.81977078288793 39.93485704634651, -78.81896199226418 39.93490174217976, -78.8181304349738 39.93493817342971, -78.81742847039158 39.93483973488816, -78.81661225060117 39.93471804218001, -78.81594091414388 39.93459156718023, -78.81529241935323 39.93449135259704, -78.81460575268761 39.93427980676404, -78.81389623810537 39.93416359113922, -78.81327806727302 39.93433256093061, -78.81269839123223 39.93462184113849, -78.8125 39.93473861663244, -78.8125 39.875, -78.875 39.875, -78.875 39.91287747101551, -78.87472537446928 39.91310897971357, -78.87416075259517 39.91337554742148, -78.87364951301265 39.91369436096267, -78.87315366197174 39.91420179221188, -78.87313841613843 39.9150263755439, -78.87275696509732 39.91541739950168, -78.8721773130149 39.9157159734595, -78.87157432864086 39.91613242970885, -78.87107068593332 39.91645997762504, -78.87051403801752 39.91674877658295, -78.86988050051849 39.91716172762392, -78.86938467551926 39.91754755574834, -78.86877446510351 39.9179236922061, -78.86799606093808 39.91836399012209, -78.86734015781406 39.91863357449665, -78.86680605989824 39.91893060678785, -78.86638621927392 39.91930938282894, -78.86585246719142 39.91982705470315, -78.86544020052537 39.92028212761909, -78.86502062656768 39.92073744116004, -78.86457057761004 39.92127483178422, -78.86415872865234 39.92181544324171, -78.86373918802798 39.92223923074107, -78.86321271927881 39.92251347761567, -78.86284631198771 39.92296250886494, -78.86234300886349 39.92335306094765, -78.86186978386422 39.92370658178044, -78.86137396928166 39.92413290365482, -78.86096184115729 39.92450690990421, -78.86046602344976 39.92491070573692, -78.85984806303406 39.92533659219458, -78.85948932240962 39.92579886511055, -78.85923764428497 39.92636114323466, -78.85913072866015 39.92685554948389, -78.85896301407706 39.92732495469153, -78.85890216824384 39.92785836198232, -78.85874949845243 39.92840382656482, -78.85875701095239 39.92900249531391, -78.85876468178571 39.92951559843812, -78.85887896616055 39.93000713489567, -78.85904690782695 39.93053290781154, -78.85896292657708 39.93111661406061, -78.85880275574402 39.93164881822645, -78.85846713491117 39.93219137551728, -78.85810854428672 39.93260860989164, -78.85765848282909 39.93308292655757, -78.85709368699668 39.93349351926526, -78.85659037970578 39.93384351926471, -78.85585031199861 39.93400776718113, -78.85499569845825 39.93413080468093, -78.85431670158431 39.93430200572232, -78.85371389325189 39.93448869113871, -78.85308065991956 39.93466737863844, -78.85238654429565 39.93500569634625, -78.85184468283813 39.93532093280407, -78.85149375679703 39.93572888697014, -78.85118111721414 39.93621662030273, -78.85094465575622 39.93671983280194, -78.85072322138154 39.93719102238452, -78.85055520902284 39.9375))",57.17727715176426,3478.65,0.016436628333337432,6,0.3418818567932664
44348,39.90625,-78.78125,1982-07-03,19.025,1982,7,3,"POLYGON ((-78.76936183856836 39.9375, -78.75 39.9375, -78.75 39.875, -78.8125 39.875, -78.8125 39.93473861663244, -78.8121797453997 39.93492712238805, -78.81164545477554 39.93518788697099, -78.81113417977633 39.93551093488713, -78.81049352769401 39.93575267863673, -78.80976089436177 39.93586234946991, -78.80912786623776 39.93585616196992, -78.80846400478049 39.93572938801179, -78.8078688454064 39.93544725884556, -78.80724348394904 39.93522015051258, -78.80673985269982 39.93486744947148, -78.80640401103369 39.9344551911388, -78.8063278881171 39.93397585259783, -78.8063353537421 39.93347124947366, -78.80593119436776 39.93307925155756, -78.80529779853538 39.93292444530783, -78.80452720895323 39.93273812134976, -78.8038176797877 39.93268037343319, -78.80314621833037 39.93248177655852, -78.80246730062311 39.93234646718372, -78.80184169229074 39.93227244322549, -78.8012084808334 39.93210409947574, -78.80054455375108 39.93188272551777, -78.80000312562692 39.93161230155982, -78.79942321312785 39.93130709218531, -78.7988585172954 39.93105542239402, -78.7982102475047 39.93085604322766, -78.79759225688071 39.93066466614465, -78.79701985896492 39.93037271822845, -78.79640196521586 39.92966796406284, -78.79605107146642 39.92925617135518, -78.79534915063414 39.92906752968878, -78.79463966313529 39.92891065781407, -78.79399106938627 39.92876079323094, -78.79331967355398 39.92861166927287, -78.79267874126333 39.92851107968966, -78.79205317668095 39.92843700364813, -78.79141982043194 39.92830463489832, -78.79083251522451 39.92807618906534, -78.79025282043375 39.92784298802405, -78.78962699439302 39.92758877760775, -78.78945159231 39.92854019427295, -78.78955075585151 39.92905481718884, -78.7896806235596 39.92955942864637, -78.7895278068932 39.93003276197896, -78.7892305360603 39.93050181822827, -78.78878027460269 39.93085880051933, -78.78817766835363 39.93115771718556, -78.78753655689627 39.9314218630185, -78.78687296314735 39.93159667760153, -78.78615572564843 39.93182278072618, -78.78563677981589 39.93212795468406, -78.7851713610666 39.93253495155841, -78.78462231106749 39.9328546171829, -78.78399652356848 39.93308221718257, -78.78337852044439 39.93336810364048, -78.78273001419541 39.93356492030682, -78.7821045641964 39.93377899009818, -78.78147878815571 39.93397055155617, -78.78081531211507 39.93411831197261, -78.7801895100327 39.93421980572248, -78.77952579128373 39.93425047968077, -78.77883144961811 39.9342461317641, -78.77806092670266 39.93408663905603, -78.77736662462041 39.93393366613958, -78.77674862670472 39.93379171405644, -78.77601631108081 39.93383811613973, -78.77536005274851 39.93390454947297, -78.77463525795798 39.93385162759802, -78.7740021600423 39.93377769738981, -78.77333816837665 39.93376331405653, -78.77270503608599 39.9339910932228, -78.77245330171138 39.93444961822212, -78.77219383192011 39.93490389217976, -78.7719039517122 39.93536365780403, -78.77158358192105 39.93581090676167, -78.77119435067164 39.93625589426097, -78.77071386317238 39.93662730051039, -78.77011130275667 39.93692613175995, -78.76947780796598 39.93729799946772, -78.76936183856836 39.9375))",59.75196565486292,3478.65,0.017176768474799972,7,0.3267880136806523
44713,39.90625,-78.71875,1982-07-03,18.775,1982,7,3,"POLYGON ((-78.75 39.9375, -78.6875 39.9375, -78.6875 39.875, -78.75 39.875, -78.75 39.9375))",63.103472261385875,3478.65,0.018140218838165918,8,0.3405826017666208
45078,39.90625,-78.65625,1982-07-03,15.625,1982,7,3,"MULTIPOLYGON (((-78.6875 39.9375, -78.66451027822752 39.9375, -78.66446546333731 39.93744507759249, -78.66430076125425 39.93745973175913, -78.664272178782 39.9375, -78.64855423312716 39.9375, -78.64850615086209 39.93745804009245, -78.64779656127985 39.93703006405144, -78.64731613628061 39.93666241717699, -78.64684298003135 39.93627652342764, -78.64635454357375 39.9358956119699, -78.64588916024115 39.93547344217887, -78.64537037586695 39.93510248905443, -78.6448974977427 39.93477962551327, -78.64442454149344 39.93445225988876, -78.64389800920259 39.93411757030594, -78.6432189539953 39.93381919113978, -78.64229858941337 39.93335835780715, -78.64230406753836 39.93313719114082, -78.64249418212142 39.93277021093303, -78.64273066545439 39.9322764088505, -78.6430282727456 39.93183922760119, -78.64325714357858 39.93135016926857, -78.64362322066131 39.93092884843594, -78.64390578732758 39.93042909114502, -78.64416509357716 39.9298625192709, -78.64424131857703 39.9295370817714, -78.64462026440981 39.92888866198075, -78.64495317586761 39.92816328281521, -78.64534157065867 39.92731699739983, -78.64560333732493 39.92653286302607, -78.6457136706581 39.92631017448474, -78.64598851961603 39.92586469636046, -78.64633936753211 39.9252952369863, -78.64659878524003 39.92480070469543, -78.64692683940621 39.92427698490457, -78.64729316961399 39.92366200678055, -78.64753728315526 39.92319948073958, -78.64772793002999 39.92266658490706, -78.6479949758629 39.92206823490801, -78.64826206752912 39.92147438803391, -78.6483425935707 39.92129639324253, -78.64868609877846 39.92017312866096, -78.64896541127803 39.91928426720398, -78.64900869773629 39.91899966199611, -78.64912430711115 39.91873656928817, -78.64938485190237 39.9179179276228, -78.64935045190242 39.91727066929047, -78.6493141362775 39.91658744533316, -78.64937313211072 39.91593724845916, -78.64943976961064 39.9154308786683, -78.64943768731899 39.91516836721036, -78.64951333836052 39.91479703596093, -78.64959722898539 39.91375862450423, -78.64974217586018 39.91310557554692, -78.64984123836001 39.91246298700622, -78.6499481112765 39.91186066513217, -78.65013307585957 39.91145200784115, -78.65020601960947 39.91108915367505, -78.65023043106777 39.91068089742566, -78.65043655919243 39.91019254325977, -78.65055851544224 39.90965730263559, -78.65091716752499 39.90907857763648, -78.65112290085801 39.90854519742896, -78.65140549564927 39.90801390055481, -78.65171062064877 39.90751791722226, -78.65187845502351 39.9069181849315, -78.65193988314843 39.90654337972376, -78.65217848627304 39.90579947764161, -78.65256236960579 39.90510301097601, -78.65286592481368 39.9041617995191, -78.65296944148014 39.90391607347783, -78.65319063835483 39.9033957182703, -78.65338903418785 39.90287607660446, -78.65359486335421 39.90239673285521, -78.65374764356227 39.90189204118934, -78.65402220502017 39.90132045160686, -78.65422815501989 39.90056191202473, -78.6544191133529 39.89998845890062, -78.65475457064406 39.8995590620263, -78.6549258852271 39.89896417556884, -78.65526375814329 39.89830021723657, -78.6555890341844 39.89782170161232, -78.65580332168412 39.89745475161288, -78.65607104772533 39.89681823703052, -78.65640251959985 39.89623311515641, -78.65664677376611 39.89566248494901, -78.65694434459897 39.895211762033, -78.65709689772376 39.89470707453381, -78.65732559459838 39.89423600890956, -78.65756988209802 39.89366987661873, -78.65798198730573 39.89314348286956, -78.65834821855515 39.89271310474521, -78.65880588209609 39.89200963599632, -78.65913397167895 39.89158045995532, -78.65943898209514 39.89114300474768, -78.65976695292795 39.89071833287335, -78.66017899980233 39.89029100474897, -78.66045384980185 39.88977794745813, -78.6607360477181 39.88926915475059, -78.66074568730141 39.88924854641726, -78.66117385292574 39.88858921620994, -78.66144558105032 39.88831903600203, -78.66183485604972 39.88791043496104, -78.66226187584073 39.88741507558677, -78.66271980604836 39.88689622454592, -78.66302487583954 39.88638219225504, -78.66333001229742 39.88588618808916, -78.66369638313017 39.88541525996487, -78.66414639667113 39.8848065828825, -78.66471102167026 39.88421679225843, -78.66502384771144 39.88372503184252, -78.6652372987528 39.88305178809355, -78.66575634354365 39.88226529226142, -78.665941157085 39.88188966934536, -78.6658674956268 39.88174621517891, -78.66481792062842 39.88142134017943, -78.6641235622962 39.88111906622157, -78.66366566438023 39.88077328497212, -78.66313934979769 39.88041615059763, -78.66249865604868 39.88054449434748, -78.66205607792438 39.88093226622186, -78.66162112792506 39.88136032351287, -78.66116321334243 39.88173506622059, -78.6607514185514 39.88222093496984, -78.66040022063527 39.88262381621922, -78.65967559771974 39.88284036517723, -78.65897361855417 39.88278598913564, -78.65836336751346 39.88259811101091, -78.65776060188938 39.88233793913633, -78.65715789147367 39.88208226830341, -78.65656279876623 39.88186688288704, -78.65623489668343 39.88144040684608, -78.65579235605912 39.88099503288839, -78.65534227793484 39.88061744747233, -78.65491490710212 39.88021662663965, -78.65448766856116 39.87976626101533, -78.65407574460346 39.87928839018275, -78.6537932841872 39.87883345372512, -78.65352634981264 39.87835101205917, -78.65289312273029 39.87808727039294, -78.65229046648119 39.87790362560156, -78.65177161752371 39.87753719851878, -78.65147398314917 39.87707823081115, -78.65145122898252 39.87654305060369, -78.65100114460824 39.87611590893766, -78.65049755710902 39.8756994589383, -78.64969635086027 39.87509873914757, -78.64955078385255 39.875, -78.6875 39.875, -78.6875 39.9375)), ((-78.625 39.90628520919837, -78.625 39.875, -78.64547342683845 39.875, -78.64537803524195 39.87511764227253, -78.6448362664928 39.87583720893809, -78.64434815711854 39.87616329956256, -78.64390566441091 39.87650596518705, -78.6434859310782 39.87687493497816, -78.64320382378696 39.87733864956078, -78.64282997274591 39.87776021414345, -78.64243325295485 39.87825004539269, -78.64199831233054 39.87883564955843, -78.64161685712276 39.87936552768264, -78.64125052899834 39.87993995789003, -78.64091491962387 39.88038735059769, -78.64055631962441 39.88084895163865, -78.64015944566671 39.88128473913798, -78.63978582691732 39.88174231309557, -78.63922890191816 39.88221915788654, -78.6388090248355 39.88266917455246, -78.63832079358622 39.88318438601004, -78.63789366129521 39.8836391328843, -78.6375502446291 39.88418131517511, -78.63731368004613 39.88463007454942, -78.63725629567119 39.88472344329932, -78.63660200192226 39.88543450788154, -78.6358317331734 39.88634116204679, -78.63578591442348 39.88641293704666, -78.63574217171521 39.88645824433826, -78.6353607873408 39.88695657975416, -78.63494113317483 39.88751915996164, -78.63462076650865 39.8881281630857, -78.63423171963427 39.88880686829299, -78.63387305400983 39.88935852558376, -78.63369752171843 39.88986390579134, -78.63336944255224 39.89039659120715, -78.63299553213619 39.89086766308145, -78.63269044880332 39.89132756933071, -78.63225567276231 39.89180505057999, -78.63201139359603 39.89237563287077, -78.63184362172126 39.89290328286995, -78.63172146234649 39.89346102974406, -78.63170742901315 39.89349716932736, -78.63127270088881 39.89430037870108, -78.63098105297263 39.89497587453337, -78.6309049831811 39.89522488599135, -78.63058465818159 39.89579789119875, -78.63043961339014 39.89630681411467, -78.63020324984882 39.8968231026555, -78.62989796026596 39.89731453182139, -78.62953192797488 39.89780786202897, -78.62915031130882 39.89826565577829, -78.62886815089257 39.89881490161076, -78.62857061547635 39.89927006515171, -78.62826543735184 39.89975697556764, -78.62803640506053 39.90026402244183, -78.62775416235263 39.90082227452433, -78.62751021651968 39.90128925994026, -78.62722011547845 39.90177119848119, -78.62692260818727 39.90223085264711, -78.62667078943764 39.90271159222971, -78.62638845610473 39.90314374847907, -78.62612160610519 39.9036789984782, -78.62580115402233 39.90423394014402, -78.62579356235568 39.9047475620182, -78.62567155923085 39.90530979951734, -78.62541205298129 39.90575925472496, -78.62503063006517 39.90623954118257, -78.625 39.90628520919837)))",40.01403290508656,3478.65,0.011502747590325718,9,0.17973043109883935
45443,39.90625,-78.59375,1982-07-03,15.925,1982,7,3,"POLYGON ((-78.60133163623912 39.9375, -78.59856396056745 39.9375, -78.59820555198183 39.93716768175955, -78.59761059364945 39.93689796092667, -78.5970611280253 39.93656826926048, -78.59645086240124 39.93619092967776, -78.59593206552705 39.93586028176156, -78.59544355302779 39.93551067030381, -78.59493275094525 39.93517527342931, -78.59429935615458 39.93484817655485, -78.59371176657214 39.93456468905526, -78.5930176759482 39.93437006509726, -78.59241497074083 39.93413657655594, -78.59185024470003 39.93387037863965, -78.59117897074276 39.9335804671818, -78.59059137699364 39.93334199634882, -78.59009549261941 39.93295206718278, -78.58972933012001 39.93255360989173, -78.58947764262041 39.93203001510085, -78.58920288741245 39.93151613697665, -78.58892062387122 39.93098448072749, -78.588447517622 39.93055780989482, -78.58795160512273 39.93023992656197, -78.58738707804031 39.92984760677092, -78.58670801762469 39.92952638697977, -78.58605965095904 39.92925374739684, -78.58540350096001 39.92914346614702, -78.58459472700298 39.92915949739699, -78.58374779054594 39.92922174010522, -78.58300782283874 39.92933020364671, -78.58203886554861 39.92957634114634, -78.58140573742457 39.92970400468784, -78.58087754888373 39.92989895260416, -78.58068772284236 39.929786178646, -78.58061219055082 39.92945834427155, -78.58072668534231 39.92895492343899, -78.58087905617538 39.92839629531483, -78.58104711867514 39.92783718177407, -78.58129125929975 39.92735227135813, -78.58155074575768 39.92688490052552, -78.58186343534055 39.92645641198453, -78.58217618117339 39.92587480677707, -78.58248886763124 39.92538327136117, -78.58274080721418 39.92494315052852, -78.58306891971364 39.92439709427936, -78.58336640929656 39.92390152240517, -78.58367909054607 39.92336494844767, -78.58396913950395 39.92290563490673, -78.584124016587 39.92273079011528, -78.58442044679492 39.92223172761607, -78.58450323950308 39.92194338907484, -78.58479310616934 39.921407519284, -78.58502970512728 39.92067064741019, -78.58531952908515 39.92013027345268, -78.58550261970987 39.91966076199509, -78.58565511970966 39.91916516199586, -78.58580022387611 39.91859774428838, -78.58606723429233 39.91810761616415, -78.58622746033376 39.91750820366508, -78.58656310408321 39.91706548387413, -78.58685303012447 39.9165521244999, -78.58707421762409 39.916063410959, -78.58717342179062 39.91553794429313, -78.58746340616517 39.91507861929387, -78.58771519991478 39.91458445262793, -78.58798211345606 39.91407180575374, -78.58813723220578 39.91368809117103, -78.58840144470537 39.91283590158901, -78.58856568949682 39.91239857867299, -78.58886062803799 39.91177710471561, -78.58891200928792 39.91166808075747, -78.5889891749128 39.9114016088829, -78.58913420616256 39.91091074638365, -78.58936309157889 39.91039476930109, -78.58963785928682 39.90979180680205, -78.58986673949477 39.90927582971955, -78.59010325616106 39.90866504222049, -78.59040833324394 39.90811067242964, -78.5907823415767 39.90756767555553, -78.59097299470142 39.90703036409803, -78.59126275720092 39.90658905368201, -78.59153743324219 39.90608966514111, -78.59185023532501 39.90562061722517, -78.59208683532466 39.90505035576774, -78.59237674469921 39.9045279755602, -78.5925673269906 39.90401768493604, -78.59277348115694 39.90346637868686, -78.59297177698994 39.90299187243761, -78.5931473551147 39.90246403181345, -78.5932540811562 39.90191580889763, -78.59352103532245 39.90125904014866, -78.59367368428053 39.90073641202446, -78.59384904469692 39.90019056410864, -78.59403225719666 39.89953638806799, -78.59432220198784 39.89894194848557, -78.59460435511244 39.89847834952792, -78.59481797802874 39.89798985369538, -78.59507761969502 39.89735132036304, -78.59545132594445 39.89683534015552, -78.59564972802747 39.89634281411458, -78.59584813636047 39.8958187641154, -78.59612277281838 39.89502664432496, -78.5964204207346 39.89451752557574, -78.59662627490093 39.89403827661818, -78.59685516448394 39.89353129016064, -78.59703818010865 39.89303473911974, -78.59721992802503 39.8926210849537, -78.59718997698343 39.89248487557893, -78.59632880719306 39.89237225057911, -78.59551248011104 39.892438122454, -78.59461227282077 39.89246156203728, -78.59392544573848 39.89263148807868, -78.59304798844818 39.89264970474534, -78.59234616761591 39.8925994203704, -78.59174340303355 39.89245148703731, -78.59111028011785 39.8922999912042, -78.59059608428532 39.89220753807933, -78.59041235095225 39.89226982349589, -78.59017955616093 39.89261706203706, -78.59004237803617 39.89300710682812, -78.58977905928657 39.89306312766138, -78.58926409157903 39.89299219641146, -78.58861529158003 39.89280964641176, -78.58782195928961 39.89260905370372, -78.58722694679057 39.89240681516236, -78.58667766970808 39.89216713391272, -78.58613587283389 39.89186416932989, -78.58560937387637 39.89157423703864, -78.58473973950271 39.89157413495531, -78.58408342387878 39.89160795474697, -78.58341224367149 39.89160170058028, -78.58276375825579 39.89152268495542, -78.58208461763184 39.89141309433057, -78.58133709367468 39.89130560891408, -78.58050525096763 39.89116470162264, -78.57989499263527 39.89099892245622, -78.57921611242796 39.89086228808145, -78.57843023013754 39.89057583183188, -78.57780458638848 39.8904195255821, -78.57709512388959 39.89022527662411, -78.5764159936823 39.89003458599939, -78.57578271139164 39.88981545683305, -78.57608810722451 39.88933316933384, -78.57619464993269 39.88878946933465, -78.57642376139063 39.88814741308568, -78.57658396347375 39.88766960787808, -78.57673648430682 39.88714250162889, -78.57698822076475 39.88658080996311, -78.57731618951425 39.88611134121379, -78.57759103638881 39.88562548183955, -78.57771295722199 39.88513534538197, -78.57780470201351 39.88459210059119, -78.57801829680483 39.88412615475858, -78.57806393013811 39.88357082559276, -78.57814793326298 39.88300530267696, -78.57840727701256 39.882551451636, -78.57869721138712 39.88202911622017, -78.57903294680324 39.88157289226251, -78.57922350305296 39.88107162872166, -78.57941438742768 39.88055234018077, -78.57958226867743 39.87995270476506, -78.57983407805204 39.87940001518257, -78.58008561346827 39.87882480164177, -78.58039091659282 39.87829295893425, -78.58063499159243 39.87770448185188, -78.58096322492526 39.87724849747758, -78.58127596138308 39.87676146935331, -78.58148191971611 39.87607958706269, -78.58187103013216 39.87511283185586, -78.58188275798723 39.875, -78.625 39.875, -78.625 39.90628520919837, -78.62472519152402 39.90669493597352, -78.62416837485819 39.90745992034732, -78.62393955194187 39.9079129151383, -78.62361134673404 39.9083735213876, -78.6232604821513 39.90881682138689, -78.62284084673524 39.90933882971945, -78.62218472798628 39.91012042346819, -78.62174982798695 39.91099417034184, -78.6214752894457 39.91145759221615, -78.6211318154879 39.91194118700707, -78.62084207382168 39.91240058492298, -78.62044509361397 39.91283631304731, -78.61988817590651 39.91316444638016, -78.61943799361552 39.91353429117123, -78.61900323944957 39.9139576849206, -78.61869064049171 39.91439977658655, -78.61843111861708 39.91493027866909, -78.61805718320102 39.91538779221003, -78.61779795507641 39.91583722033431, -78.6174774717436 39.91627955575029, -78.61711122382746 39.91675484533289, -78.61682891966126 39.91721399845721, -78.61659242278665 39.91770323699808, -78.61625664049546 39.91817757658072, -78.6159514832043 39.91860592137169, -78.61564622382974 39.919070290121, -78.61531058737194 39.91951309532863, -78.61488348320597 39.92007583699444, -78.61450955403984 39.92052433803542, -78.61411293841547 39.92093751615977, -78.61367802799947 39.92141493386737, -78.61326604050015 39.92181057865838, -78.61286914987573 39.92227780261601, -78.61258682487619 39.92275495990691, -78.61223590821004 39.92322074636456, -78.61184682591897 39.92374626719709, -78.61157226446107 39.92418715365471, -78.61135100821144 39.92465790157064, -78.61107529362852 39.92506206719503, -78.61092061237878 39.92535942969454, -78.6105803967543 39.92567267448572, -78.61026014883811 39.9261870349016, -78.60990920404703 39.92677440677568, -78.60961910613076 39.92721577552499, -78.6092300686314 39.92764220885766, -78.60882570821536 39.92814568073192, -78.60840620717431 39.92863611093946, -78.60781864571692 39.92907323281378, -78.60731493530102 39.92953025572973, -78.60699456238484 39.9299905723957, -78.60671988009364 39.9305170161449, -78.60637682801081 39.9309600255192, -78.60605630509463 39.93142484635183, -78.60572044467852 39.93189014843443, -78.60514061967939 39.9326422494749, -78.60477449467999 39.93304994530763, -78.60439305822223 39.93350765259856, -78.60414891759763 39.93397909738951, -78.60385900093138 39.93442494947215, -78.6035691082235 39.93485728801312, -78.60296640301613 39.93534889842903, -78.60253897801675 39.9358395546783, -78.60218042072569 39.93631906092753, -78.60179904155962 39.93676775363519, -78.601532063435 39.93722639425948, -78.60133163623912 39.9375))",32.75544211437687,3478.65,0.009416136177648476,10,0.14995197042503744
45808,39.96875,-78.84375,1982-07-03,18.25,1982,7,3,"POLYGON ((-78.83177212750988 39.9375, -78.85055520902284 39.9375, -78.85047135054862 39.93765421717546, -78.85007465575757 39.93809070571649, -78.84958660679996 39.93853473696578, -78.84913624221736 39.93895950675676, -78.84864815784312 39.93936749738117, -78.84805296096903 39.93974303488056, -78.84754170367813 39.94009325988003, -78.84696193909571 39.94031066404636, -78.84647375784647 39.94073667133733, -78.84598538388889 39.94116269217005, -78.84559649534782 39.94159890154435, -78.8452986693066 39.9420455994603, -78.844833464099 39.94260142966777, -78.84452050680784 39.94308465570873, -78.84413160472513 39.94349834841643, -78.84375746305903 39.94402864424893, -78.84340923805956 39.94435596508174, -78.84319763701825 39.9443928900817, -78.842712418269 39.94425696299857, -78.84200268702006 39.94400582862397, -78.8412780661879 39.94368763279112, -78.84066011723047 39.94345596195814, -78.84009543389806 39.94320900883349, -78.83941650681578 39.94302438904214, -78.83879074952506 39.94284249112576, -78.83821865994264 39.94249220154296, -78.83758540890193 39.94226101820999, -78.83689106931968 39.94195079841882, -78.83622745682072 39.94164406091926, -78.83567807244657 39.9412975088365, -78.83519000161397 39.94093541196207, -78.834762591198 39.94055329217099, -78.83421314640719 39.94018872446321, -78.83362594744978 39.93994698279693, -78.83301557140902 39.93972852863061, -78.83242037453493 39.93942850779774, -78.83186336203579 39.93908218800658, -78.83158086516124 39.93886258279861, -78.83148163286972 39.93852827654911, -78.83157343391127 39.93825418904953, -78.83176414641099 39.93777054946696, -78.83177212750988 39.9375))",1.2217055652355922,3478.65,0.00035120105938671385,0,0.006409419333807528
46173,39.96875,-78.78125,1982-07-03,20.425,1982,7,3,"POLYGON ((-78.75 39.9524835455816, -78.75 39.9375, -78.76936183856836 39.9375, -78.76918800484145 39.93780279113355, -78.76914982984147 39.93829938904946, -78.76900485796671 39.93887151613194, -78.76884460900862 39.93938559633943, -78.76878351109207 39.93988744321365, -78.76879896005039 39.94040480987951, -78.76865378088394 39.94096343175369, -78.76844027775928 39.94144322133627, -78.76820377567628 39.94200031091873, -78.76792361838505 39.9424167015431, -78.76769488817706 39.94253558800125, -78.76736931942759 39.94280830987583, -78.76713907776127 39.94312558279199, -78.76717781734453 39.94326730258342, -78.76734643713598 39.94331295987502, -78.76780633713526 39.94343748279152, -78.76800569650993 39.94348401195811, -78.76862330275895 39.94352675779135, -78.76918549025811 39.94354277654134, -78.76930990379958 39.94369023070777, -78.76936341734114 39.94402954008223, -78.76943953609106 39.94456294320639, -78.76963806629908 39.94503832445565, -78.76992021629866 39.9455244911216, -78.77021774233981 39.94600115153753, -78.77050017671439 39.94646929216179, -78.77066812775581 39.94695016924436, -78.770980760047 39.94743534007694, -78.77120965275498 39.94795025882615, -78.77135450900477 39.9484499077837, -78.77140051421298 39.94902031090783, -78.77108774025515 39.94946731090715, -78.77079011629729 39.94990030882315, -78.77046203921446 39.95037482444741, -78.77010337046499 39.95088186090493, -78.76973738400727 39.95129906715431, -78.76930226317461 39.95168250048704, -78.76891337984188 39.95209594631973, -78.76865378088394 39.95255922340232, -78.76859282984236 39.95309709006818, -78.76840211525933 39.95357613485908, -78.76806641630151 39.95400586194177, -78.76750953088572 39.95440676089947, -78.76699821421983 39.95475213381559, -78.76650223817893 39.95511051610669, -78.76634976734584 39.95558381298099, -78.76622012567935 39.95606987548024, -78.76588442463822 39.95652661297953, -78.76536563505567 39.95682269839574, -78.76474000797333 39.95700515464546, -78.76411441109929 39.95729118589497, -78.76355727464187 39.95760200881119, -78.76303860485098 39.95792058797736, -78.76247393089352 39.95817761089364, -78.76179495172789 39.95811411506037, -78.76112369027061 39.9580053348522, -78.76033784548019 39.95794079839396, -78.75955976839805 39.95792104110234, -78.75883473714919 39.95807517547712, -78.75815580694189 39.95828635568512, -78.75755320590116 39.95845902547649, -78.75688180798556 39.95839075151827, -78.75623315694486 39.95820014943524, -78.75556950798756 39.9580730754771, -78.7549132923636 39.95803131714382, -78.75454707778084 39.95758836922789, -78.75457772153078 39.95706950360369, -78.75468442673895 39.95654366922946, -78.75475744444719 39.95625751506327, -78.75465222361402 39.95592591193878, -78.7543106590312 39.95569567339749, -78.75374599653207 39.95547531506446, -78.753158587158 39.95528721193978, -78.75251779445063 39.955159377565, -78.75190755278493 39.95493147652365, -78.75130472674419 39.95469883485737, -78.75106802882789 39.95422916089973, -78.7508238902866 39.9536471494423, -78.75050344966212 39.95315767027643, -78.75014500799597 39.95270545048544, -78.75 39.9524835455816))",5.985647548309387,3478.65,0.0017206811689331745,1,0.03514491156268454
46538,39.96875,-78.71875,1982-07-03,22.95,1982,7,3,"POLYGON ((-78.6875 39.95486296448644, -78.6875 39.9375, -78.75 39.9375, -78.75 39.9524835455816, -78.74973292153828 39.95207483694475, -78.74897765799778 39.95171201923699, -78.74835968299874 39.95160593798715, -78.74740589654192 39.95160529423714, -78.74674228091794 39.95174835986194, -78.74617006216886 39.9520145546532, -78.74564374341963 39.95248190881915, -78.74521633196196 39.95290552965179, -78.74481207779593 39.9533013827762, -78.74433914654668 39.95372196610884, -78.74386616738076 39.95406150256667, -78.74333200488155 39.95433546194124, -78.74297330488213 39.95472533277399, -78.74259177154937 39.95523302235654, -78.74205781425854 39.95557451818934, -78.7414092975929 39.95588818902218, -78.74076825696886 39.95597645985538, -78.74007406009497 39.95602590360528, -78.73932656738776 39.95623468277165, -78.73863986009718 39.95648202339623, -78.73818980280623 39.95685681506234, -78.73767079551533 39.95727886610337, -78.73722843718269 39.95765790881109, -78.73680885593336 39.95808575464378, -78.73635096739241 39.95843827547657, -78.73579417051826 39.95873093589273, -78.73516087676927 39.95882793485094, -78.73446655593699 39.95900344422569, -78.73374929552142 39.95914366610043, -78.73300928510594 39.95931614526683, -78.73227691010709 39.95920915880868, -78.73165141739969 39.95901316401734, -78.73099500385905 39.95894425880908, -78.7303313246934 39.95902419110064, -78.72972091427772 39.95919246610038, -78.72911081011199 39.95932920255848, -78.72833998094649 39.95952065255818, -78.72763058615595 39.95959753380811, -78.72698956844863 39.95982532339104, -78.72623442261641 39.9599487035992, -78.7257232736589 39.96023084734878, -78.72504426428497 39.96047335880672, -78.7244643965775 39.96076671609791, -78.7239151309534 39.96105458797251, -78.72328173303771 39.96126859213882, -78.72264097158035 39.96135674943037, -78.72200015074799 39.96149444005516, -78.72138202054066 39.96162239109663, -78.72069556533336 39.96188312755453, -78.72006221741771 39.96203407442931, -78.71937551116878 39.96239838692873, -78.71866603512819 39.9625923035951, -78.71792611429601 39.96272414942825, -78.71733846013024 39.96290514005295, -78.71659085596474 39.9629426525529, -78.71591178096577 39.96292842755292, -78.71530914242504 39.96319094526086, -78.71482841950916 39.96358014213524, -78.71422595284344 39.96384265046817, -78.7135466736778 39.96401755463455, -78.71290574555377 39.96428579109249, -78.71213531013831 39.96451314942544, -78.71150970701427 39.96472684525844, -78.71085372680699 39.96496403171642, -78.71025848514125 39.9651407265078, -78.70954907055898 39.96524902442428, -78.70892320493499 39.96529609734091, -78.70819085181114 39.96515293796614, -78.70751961222885 39.965016823383, -78.70687106118817 39.96496553900806, -78.70610808098104 39.9650980473412, -78.70545179139867 39.96517759942441, -78.70474244244144 39.96514175984112, -78.70403283202592 39.96520950046602, -78.70330820286034 39.9651921556744, -78.702682553903 39.96507707025791, -78.70204150077899 39.96490392234153, -78.70189655286254 39.96432314109239, -78.70204919348731 39.96385441296815, -78.70220182890375 39.96335868692722, -78.70217889036212 39.96285955567799, -78.70162963827966 39.96258440567846, -78.70098104973897 39.96219985047071, -78.70025638932344 39.96186275255457, -78.6996382799494 39.96155827338839, -78.69904322786698 39.96129808380545, -78.69847102370119 39.96096961401429, -78.69786826432716 39.96067814109807, -78.69730383620299 39.96016479318217, -78.69699864349514 39.95968367339128, -78.69680792578714 39.9591178463088, -78.69666299662066 39.95850552443477, -78.69639584870441 39.95798717026889, -78.69604497682997 39.95751652339464, -78.6955261757891 39.95719083589518, -78.69480122370692 39.95685371402067, -78.69420629662449 39.95657098068779, -78.69355754975049 39.95648359839623, -78.69281769975163 39.95634508277146, -78.69219974662758 39.95623870047996, -78.69142909037879 39.9559930806887, -78.69060504350506 39.95583922235556, -78.68971257163145 39.95561998693927, -78.68908681954912 39.95537873902293, -78.68829354142531 39.95514732548168, -78.687660251843 39.95491531714868, -78.6875 39.95486296448644))",22.278126319402975,3478.65,0.0064042448419366635,2,0.14697742400849748
46903,39.96875,-78.65625,1982-07-03,18.275,1982,7,3,"MULTIPOLYGON (((-78.64855423312716 39.9375, -78.664272178782 39.9375, -78.66401671333801 39.93785991092517, -78.6637344987551 39.93836420571603, -78.66342150917228 39.93886046821524, -78.66317757479766 39.93933202654785, -78.66296798625632 39.93975695988053, -78.66248094979875 39.94050230467104, -78.66218782167419 39.94087963696211, -78.66175851854985 39.94110618904512, -78.66106403000924 39.94104258696188, -78.6603392039687 39.94088987654544, -78.65970611126136 39.94084233800385, -78.65893550292924 39.94089371300379, -78.65820315605538 39.94102493487856, -78.65757745605634 39.94121582654492, -78.65683758730751 39.94131575362815, -78.65612029980861 39.94125284216989, -78.65547185501794 39.94129132862815, -78.65480806231062 39.94134380883639, -78.65434117897803 39.94132097029478, -78.65397501439526 39.94120268279494, -78.65361030293752 39.94095830467035, -78.65314494147987 39.94050013279605, -78.65261072898073 39.94021526300486, -78.65191659252349 39.93993093071361, -78.65134434148268 39.93968329217233, -78.65077976752525 39.93942188071441, -78.65024561752608 39.93915501196483, -78.64977250711013 39.93868806925718, -78.64939876752737 39.93825402134121, -78.64897930294467 39.93787094530012, -78.64855423312716 39.9375)), ((-78.66451027822752 39.9375, -78.6875 39.9375, -78.6875 39.95486296448644, -78.68705736746892 39.95471836089899, -78.68633263517836 39.95447574319104, -78.68564607892944 39.95430396298298, -78.68477645601411 39.95413800152488, -78.68407422997353 39.95403876194172, -78.68347926122448 39.95387306819197, -78.68293759143364 39.95345347131763, -78.68259435601749 39.95301405881833, -78.68246440914271 39.95253183694405, -78.68236529351788 39.95199009423658, -78.68235001018456 39.95143667236243, -78.68201441226842 39.95083940048835, -78.68151096747755 39.95045010569726, -78.68108384976983 39.95001786923962, -78.68055715914568 39.94967885257347, -78.68000026539653 39.94939033278223, -78.67947388310569 39.94903328799114, -78.67924504248106 39.94856771403352, -78.67913069873123 39.94797691299277, -78.67905420706467 39.94738941091038, -78.67885586331499 39.9468823369528, -78.67867267789859 39.94637478174525, -78.67836006227407 39.94591186716264, -78.67804724664956 39.94548949007998, -78.67746744769215 39.94498101820579, -78.67695636019295 39.94470003591454, -78.676284775819 39.94441964112332, -78.67556756436176 39.94423976195691, -78.6748809362378 39.94422102758193, -78.67409517478069 39.94424596612356, -78.67356096332321 39.943983712999, -78.6729582299908 39.94377316508263, -78.672187826867 39.94355892549964, -78.67161566124287 39.94329786820839, -78.67105098728541 39.94283842237576, -78.67068478416098 39.94237718695979, -78.67021948937003 39.94200465258541, -78.66971591437084 39.9416378327943, -78.66912079353841 39.94136397862803, -78.66874693208069 39.94081741404557, -78.6687849102056 39.94032084529636, -78.66847984249773 39.93982614008877, -78.667892507082 39.93957454842251, -78.66718281749979 39.93934934529784, -78.66655739458406 39.93913047967317, -78.66603842687653 39.93882717759033, -78.66542814771083 39.9385357702991, -78.66497039666984 39.93806389321651, -78.66451027822752 39.9375)))",3.90981514893845,3478.65,0.0011239461138483175,3,0.020540114801826586
47268,39.96875,-78.59375,1982-07-03,17.65,1982,7,3,"POLYGON ((-78.59856396056745 39.9375, -78.60133163623912 39.9375, -78.60118097906053 39.93770566405038, -78.60076896343617 39.93820484113297, -78.60034935302019 39.93865021300724, -78.59972376239614 39.93843098488259, -78.5992278759386 39.93806361404984, -78.5987929894809 39.93771235675871, -78.59856396056745 39.9375))",0.029202659221900212,3478.65,8.394825355209697e-06,4,0.0001481686643170794
